x u delta
-0.9990 1.0000 1.0000 0.0000
-0.9980 1.0000 1.0000 0.0000
-0.9970 1.0000 1.0000 0.0000
-0.9960 1.0000 1.0000 0.0000
-0.9950 1.0000 1.0000 0.0000
-0.9940 1.0000 1.0000 0.0000
-0.9930 1.0000 1.0000 0.0000
-0.9920 1.0000 1.0000 0.0000
-0.9910 1.0000 1.0000 0.0000
-0.9900 1.0000 1.0000 0.0000
-0.9890 1.0000 1.0000 0.0000
-0.9880 1.0000 1.0000 0.0000
-0.9870 1.0000 1.0000 0.0000
-0.9860 1.0000 1.0000 0.0000
-0.9850 1.0000 1.0000 0.0000
-0.9840 1.0000 1.0000 0.0000
-0.9830 1.0000 1.0000 0.0000
-0.9820 1.0000 1.0000 0.0000
-0.9810 1.0000 1.0000 0.0000
-0.9800 1.0000 1.0000 0.0000
-0.9790 1.0000 1.0000 0.0000
-0.9780 1.0000 1.0000 0.0000
-0.9770 1.0000 1.0000 0.0000
-0.9760 1.0000 1.0000 0.0000
-0.9750 1.0000 1.0000 0.0000
-0.9740 1.0000 1.0000 0.0000
-0.9730 1.0000 1.0000 0.0000
-0.9720 1.0000 1.0000 0.0000
-0.9710 1.0000 1.0000 0.0000
-0.9700 1.0000 1.0000 0.0000
-0.9690 1.0000 1.0000 0.0000
-0.9680 1.0000 1.0000 0.0000
-0.9670 1.0000 1.0000 0.0000
-0.9660 1.0000 1.0000 0.0000
-0.9650 1.0000 1.0000 0.0000
-0.9640 1.0000 1.0000 0.0000
-0.9630 1.0000 1.0000 0.0000
-0.9620 1.0000 1.0000 0.0000
-0.9610 1.0000 1.0000 0.0000
-0.9600 1.0000 1.0000 0.0000
-0.9590 1.0000 1.0000 0.0000
-0.9580 1.0000 1.0000 0.0000
-0.9570 1.0000 1.0000 0.0000
-0.9560 1.0000 1.0000 0.0000
-0.9550 1.0000 1.0000 0.0000
-0.9540 1.0000 1.0000 0.0000
-0.9530 1.0000 1.0000 0.0000
-0.9520 1.0000 1.0000 0.0000
-0.9510 1.0000 1.0000 0.0000
-0.9500 1.0000 1.0000 0.0000
-0.9490 1.0000 1.0000 0.0000
-0.9480 1.0000 1.0000 0.0000
-0.9470 1.0000 1.0000 0.0000
-0.9460 1.0000 1.0000 0.0000
-0.9450 1.0000 1.0000 0.0000
-0.9440 1.0000 1.0000 0.0000
-0.9430 1.0000 1.0000 0.0000
-0.9420 1.0000 1.0000 0.0000
-0.9410 1.0000 1.0000 0.0000
-0.9400 1.0000 1.0000 0.0000
-0.9390 1.0000 1.0000 0.0000
-0.9380 1.0000 1.0000 0.0000
-0.9370 1.0000 1.0000 0.0000
-0.9360 1.0000 1.0000 0.0000
-0.9350 1.0000 1.0000 0.0000
-0.9340 1.0000 1.0000 0.0000
-0.9330 1.0000 1.0000 0.0000
-0.9320 1.0000 1.0000 0.0000
-0.9310 1.0000 1.0000 0.0000
-0.9300 1.0000 1.0000 0.0000
-0.9290 1.0000 1.0000 0.0000
-0.9280 1.0000 1.0000 0.0000
-0.9270 1.0000 1.0000 0.0000
-0.9260 1.0000 1.0000 0.0000
-0.9250 1.0000 1.0000 0.0000
-0.9240 1.0000 1.0000 0.0000
-0.9230 1.0000 1.0000 0.0000
-0.9220 1.0000 1.0000 0.0000
-0.9210 1.0000 1.0000 0.0000
-0.9200 1.0000 1.0000 0.0000
-0.9190 1.0000 1.0000 0.0000
-0.9180 1.0000 1.0000 0.0000
-0.9170 1.0000 1.0000 0.0000
-0.9160 1.0000 1.0000 0.0000
-0.9150 1.0000 1.0000 0.0000
-0.9140 1.0000 1.0000 0.0000
-0.9130 1.0000 1.0000 0.0000
-0.9120 1.0000 1.0000 0.0000
-0.9110 1.0000 1.0000 0.0000
-0.9100 1.0000 1.0000 0.0000
-0.9090 1.0000 1.0000 0.0000
-0.9080 1.0000 1.0000 0.0000
-0.9070 1.0000 1.0000 0.0000
-0.9060 1.0000 1.0000 0.0000
-0.9050 1.0000 1.0000 0.0000
-0.9040 1.0000 1.0000 0.0000
-0.9030 1.0000 1.0000 0.0000
-0.9020 1.0000 1.0000 0.0000
-0.9010 1.0000 1.0000 0.0000
-0.9000 1.0000 1.0000 0.0000
-0.8990 1.0000 1.0000 0.0000
-0.8980 1.0000 1.0000 0.0000
-0.8970 1.0000 1.0000 0.0000
-0.8960 1.0000 1.0000 0.0000
-0.8950 1.0000 1.0000 0.0000
-0.8940 1.0000 1.0000 0.0000
-0.8930 1.0000 1.0000 0.0000
-0.8920 1.0000 1.0000 0.0000
-0.8910 1.0000 1.0000 0.0000
-0.8900 1.0000 1.0000 0.0000
-0.8890 1.0000 1.0000 0.0000
-0.8880 1.0000 1.0000 0.0000
-0.8870 1.0000 1.0000 0.0000
-0.8860 1.0000 1.0000 0.0000
-0.8850 1.0000 1.0000 0.0000
-0.8840 1.0000 1.0000 0.0000
-0.8830 1.0000 1.0000 0.0000
-0.8820 1.0000 1.0000 0.0000
-0.8810 1.0000 1.0000 0.0000
-0.8800 1.0000 1.0000 0.0000
-0.8790 1.0000 1.0000 0.0000
-0.8780 1.0000 1.0000 0.0000
-0.8770 1.0000 1.0000 0.0000
-0.8760 1.0000 1.0000 0.0000
-0.8750 1.0000 1.0000 0.0000
-0.8740 1.0000 1.0000 0.0000
-0.8730 1.0000 1.0000 0.0000
-0.8720 1.0000 1.0000 0.0000
-0.8710 1.0000 1.0000 0.0000
-0.8700 1.0000 1.0000 0.0000
-0.8690 1.0000 1.0000 0.0000
-0.8680 1.0000 1.0000 0.0000
-0.8670 1.0000 1.0000 0.0000
-0.8660 1.0000 1.0000 0.0000
-0.8650 1.0000 1.0000 0.0000
-0.8640 1.0000 1.0000 0.0000
-0.8630 1.0000 1.0000 0.0000
-0.8620 1.0000 1.0000 0.0000
-0.8610 1.0000 1.0000 0.0000
-0.8600 1.0000 1.0000 0.0000
-0.8590 1.0000 1.0000 0.0000
-0.8580 1.0000 1.0000 0.0000
-0.8570 1.0000 1.0000 0.0000
-0.8560 1.0000 1.0000 0.0000
-0.8550 1.0000 1.0000 0.0000
-0.8540 1.0000 1.0000 0.0000
-0.8530 1.0000 1.0000 0.0000
-0.8520 1.0000 1.0000 0.0000
-0.8510 1.0000 1.0000 0.0000
-0.8500 1.0000 1.0000 0.0000
-0.8490 1.0000 1.0000 0.0000
-0.8480 1.0000 1.0000 0.0000
-0.8470 1.0000 1.0000 0.0000
-0.8460 1.0000 1.0000 0.0000
-0.8450 1.0000 1.0000 0.0000
-0.8440 1.0000 1.0000 0.0000
-0.8430 1.0000 1.0000 0.0000
-0.8420 1.0000 1.0000 0.0000
-0.8410 1.0000 1.0000 0.0000
-0.8400 1.0000 1.0000 0.0000
-0.8390 1.0000 1.0000 0.0000
-0.8380 1.0000 1.0000 0.0000
-0.8370 1.0000 1.0000 0.0000
-0.8360 1.0000 1.0000 0.0000
-0.8350 1.0000 1.0000 0.0000
-0.8340 1.0000 1.0000 0.0000
-0.8330 1.0000 1.0000 0.0000
-0.8320 1.0000 1.0000 0.0000
-0.8310 1.0000 1.0000 0.0000
-0.8300 1.0000 1.0000 0.0000
-0.8290 1.0000 1.0000 0.0000
-0.8280 1.0000 1.0000 0.0000
-0.8270 1.0000 1.0000 0.0000
-0.8260 1.0000 1.0000 0.0000
-0.8250 1.0000 1.0000 0.0000
-0.8240 1.0000 1.0000 0.0000
-0.8230 1.0000 1.0000 0.0000
-0.8220 1.0000 1.0000 0.0000
-0.8210 1.0000 1.0000 0.0000
-0.8200 1.0000 1.0000 0.0000
-0.8190 1.0000 1.0000 0.0000
-0.8180 1.0000 1.0000 0.0000
-0.8170 1.0000 1.0000 0.0000
-0.8160 1.0000 1.0000 0.0000
-0.8150 1.0000 1.0000 0.0000
-0.8140 1.0000 1.0000 0.0000
-0.8130 1.0000 1.0000 0.0000
-0.8120 1.0000 1.0000 0.0000
-0.8110 1.0000 1.0000 0.0000
-0.8100 1.0000 1.0000 0.0000
-0.8090 1.0000 1.0000 0.0000
-0.8080 1.0000 1.0000 0.0000
-0.8070 1.0000 1.0000 0.0000
-0.8060 1.0000 1.0000 0.0000
-0.8050 1.0000 1.0000 0.0000
-0.8040 1.0000 1.0000 0.0000
-0.8030 1.0000 1.0000 0.0000
-0.8020 1.0000 1.0000 0.0000
-0.8010 1.0000 1.0000 0.0000
-0.8000 1.0000 1.0000 0.0000
-0.7990 1.0000 1.0000 0.0000
-0.7980 1.0000 1.0000 0.0000
-0.7970 1.0000 1.0000 0.0000
-0.7960 1.0000 1.0000 0.0000
-0.7950 1.0000 1.0000 0.0000
-0.7940 1.0000 1.0000 0.0000
-0.7930 1.0000 1.0000 0.0000
-0.7920 1.0000 1.0000 0.0000
-0.7910 1.0000 1.0000 0.0000
-0.7900 1.0000 1.0000 0.0000
-0.7890 1.0000 1.0000 0.0000
-0.7880 1.0000 1.0000 0.0000
-0.7870 1.0000 1.0000 0.0000
-0.7860 1.0000 1.0000 0.0000
-0.7850 1.0000 1.0000 0.0000
-0.7840 1.0000 1.0000 0.0000
-0.7830 1.0000 1.0000 0.0000
-0.7820 1.0000 1.0000 0.0000
-0.7810 1.0000 1.0000 0.0000
-0.7800 1.0000 1.0000 0.0000
-0.7790 1.0000 1.0000 0.0000
-0.7780 1.0000 1.0000 0.0000
-0.7770 1.0000 1.0000 0.0000
-0.7760 1.0000 1.0000 0.0000
-0.7750 1.0000 1.0000 0.0000
-0.7740 1.0000 1.0000 0.0000
-0.7730 1.0000 1.0000 0.0000
-0.7720 1.0000 1.0000 0.0000
-0.7710 1.0000 1.0000 0.0000
-0.7700 1.0000 1.0000 0.0000
-0.7690 1.0000 1.0000 0.0000
-0.7680 1.0000 1.0000 0.0000
-0.7670 1.0000 1.0000 0.0000
-0.7660 1.0000 1.0000 0.0000
-0.7650 1.0000 1.0000 0.0000
-0.7640 1.0000 1.0000 0.0000
-0.7630 1.0000 1.0000 0.0000
-0.7620 1.0000 1.0000 0.0000
-0.7610 1.0000 1.0000 0.0000
-0.7600 1.0000 1.0000 0.0000
-0.7590 1.0000 1.0000 0.0000
-0.7580 1.0000 1.0000 0.0000
-0.7570 1.0000 1.0000 0.0000
-0.7560 1.0000 1.0000 0.0000
-0.7550 1.0000 1.0000 0.0000
-0.7540 1.0000 1.0000 0.0000
-0.7530 1.0000 1.0000 0.0000
-0.7520 1.0000 1.0000 0.0000
-0.7510 1.0000 1.0000 0.0000
-0.7500 1.0000 1.0000 0.0000
-0.7490 1.0000 1.0000 0.0000
-0.7480 1.0000 1.0000 0.0000
-0.7470 1.0000 1.0000 0.0000
-0.7460 1.0000 1.0000 0.0000
-0.7450 1.0000 1.0000 0.0000
-0.7440 1.0000 1.0000 0.0000
-0.7430 1.0000 1.0000 0.0000
-0.7420 1.0000 1.0000 0.0000
-0.7410 1.0000 1.0000 0.0000
-0.7400 1.0000 1.0000 0.0000
-0.7390 1.0000 1.0000 0.0000
-0.7380 1.0000 1.0000 0.0000
-0.7370 1.0000 1.0000 0.0000
-0.7360 1.0000 1.0000 0.0000
-0.7350 1.0000 1.0000 0.0000
-0.7340 1.0000 1.0000 0.0000
-0.7330 1.0000 1.0000 0.0000
-0.7320 1.0000 1.0000 0.0000
-0.7310 1.0000 1.0000 0.0000
-0.7300 1.0000 1.0000 0.0000
-0.7290 1.0000 1.0000 0.0000
-0.7280 1.0000 1.0000 0.0000
-0.7270 1.0000 1.0000 0.0000
-0.7260 1.0000 1.0000 0.0000
-0.7250 1.0000 1.0000 0.0000
-0.7240 1.0000 1.0000 0.0000
-0.7230 1.0000 1.0000 0.0000
-0.7220 1.0000 1.0000 0.0000
-0.7210 1.0000 1.0000 0.0000
-0.7200 1.0000 1.0000 0.0000
-0.7190 1.0000 1.0000 0.0000
-0.7180 1.0000 1.0000 0.0000
-0.7170 1.0000 1.0000 0.0000
-0.7160 1.0000 1.0000 0.0000
-0.7150 1.0000 1.0000 0.0000
-0.7140 1.0000 1.0000 0.0000
-0.7130 1.0000 1.0000 0.0000
-0.7120 1.0000 1.0000 0.0000
-0.7110 1.0000 1.0000 0.0000
-0.7100 1.0000 1.0000 0.0000
-0.7090 1.0000 1.0000 0.0000
-0.7080 1.0000 1.0000 0.0000
-0.7070 1.0000 1.0000 0.0000
-0.7060 1.0000 1.0000 0.0000
-0.7050 1.0000 1.0000 0.0000
-0.7040 1.0000 1.0000 0.0000
-0.7030 1.0000 1.0000 0.0000
-0.7020 1.0000 1.0000 0.0000
-0.7010 1.0000 1.0000 0.0000
-0.7000 1.0000 1.0000 0.0000
-0.6990 1.0000 1.0000 0.0000
-0.6980 1.0000 1.0000 0.0000
-0.6970 1.0000 1.0000 0.0000
-0.6960 1.0000 1.0000 0.0000
-0.6950 1.0000 1.0000 0.0000
-0.6940 1.0000 1.0000 0.0000
-0.6930 1.0000 1.0000 0.0000
-0.6920 1.0000 1.0000 0.0000
-0.6910 1.0000 1.0000 0.0000
-0.6900 1.0000 1.0000 0.0000
-0.6890 1.0000 1.0000 0.0000
-0.6880 1.0000 1.0000 0.0000
-0.6870 1.0000 1.0000 0.0000
-0.6860 1.0000 1.0000 0.0000
-0.6850 1.0000 1.0000 0.0000
-0.6840 1.0000 1.0000 0.0000
-0.6830 1.0000 1.0000 0.0000
-0.6820 1.0000 1.0000 0.0000
-0.6810 1.0000 1.0000 0.0000
-0.6800 1.0000 1.0000 0.0000
-0.6790 1.0000 1.0000 0.0000
-0.6780 1.0000 1.0000 0.0000
-0.6770 1.0000 1.0000 0.0000
-0.6760 1.0000 1.0000 0.0000
-0.6750 1.0000 1.0000 0.0000
-0.6740 1.0000 1.0000 0.0000
-0.6730 1.0000 1.0000 0.0000
-0.6720 1.0000 1.0000 0.0000
-0.6710 1.0000 1.0000 0.0000
-0.6700 1.0000 1.0000 0.0000
-0.6690 1.0000 1.0000 0.0000
-0.6680 1.0000 1.0000 0.0000
-0.6670 1.0000 1.0000 0.0000
-0.6660 1.0000 1.0000 0.0000
-0.6650 1.0000 1.0000 0.0000
-0.6640 1.0000 1.0000 0.0000
-0.6630 1.0000 1.0000 0.0000
-0.6620 1.0000 1.0000 0.0000
-0.6610 1.0000 1.0000 0.0000
-0.6600 1.0000 1.0000 0.0000
-0.6590 1.0000 1.0000 0.0000
-0.6580 1.0000 1.0000 0.0000
-0.6570 1.0000 1.0000 0.0000
-0.6560 1.0000 1.0000 0.0000
-0.6550 1.0000 1.0000 0.0000
-0.6540 1.0000 1.0000 0.0000
-0.6530 1.0000 1.0000 0.0000
-0.6520 1.0000 1.0000 0.0000
-0.6510 1.0000 1.0000 0.0000
-0.6500 1.0000 1.0000 0.0000
-0.6490 1.0000 1.0000 0.0000
-0.6480 1.0000 1.0000 0.0000
-0.6470 1.0000 1.0000 0.0000
-0.6460 1.0000 1.0000 0.0000
-0.6450 1.0000 1.0000 0.0000
-0.6440 1.0000 1.0000 0.0000
-0.6430 1.0000 1.0000 0.0000
-0.6420 1.0000 1.0000 0.0000
-0.6410 1.0000 1.0000 0.0000
-0.6400 1.0000 1.0000 0.0000
-0.6390 1.0000 1.0000 0.0000
-0.6380 1.0000 1.0000 0.0000
-0.6370 1.0000 1.0000 0.0000
-0.6360 1.0000 1.0000 0.0000
-0.6350 1.0000 1.0000 0.0000
-0.6340 1.0000 1.0000 0.0000
-0.6330 1.0000 1.0000 0.0000
-0.6320 1.0000 1.0000 0.0000
-0.6310 1.0000 1.0000 0.0000
-0.6300 1.0000 1.0000 0.0000
-0.6290 1.0000 1.0000 0.0000
-0.6280 1.0000 1.0000 0.0000
-0.6270 1.0000 1.0000 0.0000
-0.6260 1.0000 1.0000 0.0000
-0.6250 1.0000 1.0000 0.0000
-0.6240 1.0000 1.0000 0.0000
-0.6230 1.0000 1.0000 0.0000
-0.6220 1.0000 1.0000 0.0000
-0.6210 1.0000 1.0000 0.0000
-0.6200 1.0000 1.0000 0.0000
-0.6190 1.0000 1.0000 0.0000
-0.6180 1.0000 1.0000 0.0000
-0.6170 1.0000 1.0000 0.0000
-0.6160 1.0000 1.0000 0.0000
-0.6150 1.0000 1.0000 0.0000
-0.6140 1.0000 1.0000 0.0000
-0.6130 1.0000 1.0000 0.0000
-0.6120 1.0000 1.0000 0.0000
-0.6110 1.0000 1.0000 0.0000
-0.6100 1.0000 1.0000 0.0000
-0.6090 1.0000 1.0000 0.0000
-0.6080 1.0000 1.0000 0.0000
-0.6070 1.0000 1.0000 0.0000
-0.6060 1.0000 1.0000 0.0000
-0.6050 1.0000 1.0000 0.0000
-0.6040 1.0000 1.0000 0.0000
-0.6030 1.0000 1.0000 0.0000
-0.6020 1.0000 1.0000 0.0000
-0.6010 1.0000 1.0000 0.0000
-0.6000 1.0000 1.0000 0.0000
-0.5990 1.0000 1.0000 0.0000
-0.5980 1.0000 1.0000 0.0000
-0.5970 1.0000 1.0000 0.0000
-0.5960 1.0000 1.0000 0.0000
-0.5950 1.0000 1.0000 0.0000
-0.5940 1.0000 1.0000 0.0000
-0.5930 1.0000 1.0000 0.0000
-0.5920 1.0000 1.0000 0.0000
-0.5910 1.0000 1.0000 0.0000
-0.5900 1.0000 1.0000 0.0000
-0.5890 1.0000 1.0000 0.0000
-0.5880 1.0000 1.0000 0.0000
-0.5870 1.0000 1.0000 0.0000
-0.5860 1.0000 1.0000 0.0000
-0.5850 1.0000 1.0000 0.0000
-0.5840 1.0000 1.0000 0.0000
-0.5830 1.0000 1.0000 0.0000
-0.5820 1.0000 1.0000 0.0000
-0.5810 1.0000 1.0000 0.0000
-0.5800 1.0000 1.0000 0.0000
-0.5790 1.0000 1.0000 0.0000
-0.5780 1.0000 1.0000 0.0000
-0.5770 1.0000 1.0000 0.0000
-0.5760 1.0000 1.0000 0.0000
-0.5750 1.0000 1.0000 0.0000
-0.5740 1.0000 1.0000 0.0000
-0.5730 1.0000 1.0000 0.0000
-0.5720 1.0000 1.0000 0.0000
-0.5710 1.0000 1.0000 0.0000
-0.5700 1.0000 1.0000 0.0000
-0.5690 1.0000 1.0000 0.0000
-0.5680 1.0000 1.0000 0.0000
-0.5670 1.0000 1.0000 0.0000
-0.5660 1.0000 1.0000 0.0000
-0.5650 1.0000 1.0000 0.0000
-0.5640 1.0000 1.0000 0.0000
-0.5630 1.0000 1.0000 0.0000
-0.5620 1.0000 1.0000 0.0000
-0.5610 1.0000 1.0000 0.0000
-0.5600 1.0000 1.0000 0.0000
-0.5590 1.0000 1.0000 0.0000
-0.5580 1.0000 1.0000 0.0000
-0.5570 1.0000 1.0000 0.0000
-0.5560 1.0000 1.0000 0.0000
-0.5550 1.0000 1.0000 0.0000
-0.5540 1.0000 1.0000 0.0000
-0.5530 1.0000 1.0000 0.0000
-0.5520 1.0000 1.0000 0.0000
-0.5510 1.0000 1.0000 0.0000
-0.5500 1.0000 1.0000 0.0000
-0.5490 1.0000 1.0000 0.0000
-0.5480 1.0000 1.0000 0.0000
-0.5470 1.0000 1.0000 0.0000
-0.5460 1.0000 1.0000 0.0000
-0.5450 1.0000 1.0000 0.0000
-0.5440 1.0000 1.0000 0.0000
-0.5430 1.0000 1.0000 0.0000
-0.5420 1.0000 1.0000 0.0000
-0.5410 1.0000 1.0000 0.0000
-0.5400 1.0000 1.0000 0.0000
-0.5390 1.0000 1.0000 0.0000
-0.5380 1.0000 1.0000 0.0000
-0.5370 1.0000 1.0000 0.0000
-0.5360 1.0000 1.0000 0.0000
-0.5350 1.0000 1.0000 0.0000
-0.5340 1.0000 1.0000 0.0000
-0.5330 1.0000 1.0000 0.0000
-0.5320 1.0000 1.0000 0.0000
-0.5310 1.0000 1.0000 0.0000
-0.5300 1.0000 1.0000 0.0000
-0.5290 1.0000 1.0000 0.0000
-0.5280 1.0000 1.0000 0.0000
-0.5270 1.0000 1.0000 0.0000
-0.5260 1.0000 1.0000 0.0000
-0.5250 1.0000 1.0000 0.0000
-0.5240 1.0000 1.0000 0.0000
-0.5230 1.0000 1.0000 0.0000
-0.5220 1.0000 1.0000 0.0000
-0.5210 1.0000 1.0000 0.0000
-0.5200 1.0000 1.0000 0.0000
-0.5190 1.0000 1.0000 0.0000
-0.5180 1.0000 1.0000 0.0000
-0.5170 1.0000 1.0000 0.0000
-0.5160 1.0000 1.0000 0.0000
-0.5150 1.0000 1.0000 0.0000
-0.5140 1.0000 1.0000 0.0000
-0.5130 1.0000 1.0000 0.0000
-0.5120 1.0000 1.0000 0.0000
-0.5110 1.0000 1.0000 0.0000
-0.5100 1.0000 1.0000 0.0000
-0.5090 1.0000 1.0000 0.0000
-0.5080 1.0000 1.0000 0.0000
-0.5070 1.0000 1.0000 0.0000
-0.5060 1.0000 1.0000 0.0000
-0.5050 1.0000 1.0000 0.0000
-0.5040 1.0000 1.0000 0.0000
-0.5030 1.0000 1.0000 0.0000
-0.5020 1.0000 1.0000 0.0000
-0.5010 1.0000 1.0000 0.0000
-0.5000 1.0000 1.0000 0.0000
-0.4990 1.0000 1.0000 0.0000
-0.4980 1.0000 1.0000 0.0000
-0.4970 1.0000 1.0000 0.0000
-0.4960 1.0000 1.0000 0.0000
-0.4950 1.0000 1.0000 0.0000
-0.4940 1.0000 1.0000 0.0000
-0.4930 1.0000 1.0000 0.0000
-0.4920 1.0000 1.0000 0.0000
-0.4910 1.0000 1.0000 0.0000
-0.4900 1.0000 1.0000 0.0000
-0.4890 1.0000 1.0000 0.0000
-0.4880 1.0000 1.0000 0.0000
-0.4870 1.0000 1.0000 0.0000
-0.4860 1.0000 1.0000 0.0000
-0.4850 1.0000 1.0000 0.0000
-0.4840 1.0000 1.0000 0.0000
-0.4830 1.0000 1.0000 0.0000
-0.4820 1.0000 1.0000 0.0000
-0.4810 1.0000 1.0000 0.0000
-0.4800 1.0000 1.0000 0.0000
-0.4790 1.0000 1.0000 0.0000
-0.4780 1.0000 1.0000 0.0000
-0.4770 1.0000 1.0000 0.0000
-0.4760 1.0000 1.0000 0.0000
-0.4750 1.0000 1.0000 0.0000
-0.4740 1.0000 1.0000 0.0000
-0.4730 1.0000 1.0000 0.0000
-0.4720 1.0000 1.0000 0.0000
-0.4710 1.0000 1.0000 0.0000
-0.4700 1.0000 1.0000 0.0000
-0.4690 1.0000 1.0000 0.0000
-0.4680 1.0000 1.0000 0.0000
-0.4670 1.0000 1.0000 0.0000
-0.4660 1.0000 1.0000 0.0000
-0.4650 1.0000 1.0000 0.0000
-0.4640 1.0000 1.0000 0.0000
-0.4630 1.0000 1.0000 0.0000
-0.4620 1.0000 1.0000 0.0000
-0.4610 1.0000 1.0000 0.0000
-0.4600 1.0000 1.0000 0.0000
-0.4590 1.0000 1.0000 0.0000
-0.4580 1.0000 1.0000 0.0000
-0.4570 1.0000 1.0000 0.0000
-0.4560 1.0000 1.0000 0.0000
-0.4550 1.0000 1.0000 0.0000
-0.4540 1.0000 1.0000 0.0000
-0.4530 1.0000 1.0000 0.0000
-0.4520 1.0000 1.0000 0.0000
-0.4510 1.0000 1.0000 0.0000
-0.4500 1.0000 1.0000 0.0000
-0.4490 1.0000 1.0000 0.0000
-0.4480 1.0000 1.0000 0.0000
-0.4470 1.0000 1.0000 0.0000
-0.4460 1.0000 1.0000 0.0000
-0.4450 1.0000 1.0000 0.0000
-0.4440 1.0000 1.0000 0.0000
-0.4430 1.0000 1.0000 0.0000
-0.4420 1.0000 1.0000 0.0000
-0.4410 1.0000 1.0000 0.0000
-0.4400 1.0000 1.0000 0.0000
-0.4390 1.0000 1.0000 0.0000
-0.4380 1.0000 1.0000 0.0000
-0.4370 1.0000 1.0000 0.0000
-0.4360 1.0000 1.0000 0.0000
-0.4350 1.0000 1.0000 0.0000
-0.4340 1.0000 1.0000 0.0000
-0.4330 1.0000 1.0000 0.0000
-0.4320 1.0000 1.0000 0.0000
-0.4310 1.0000 1.0000 0.0000
-0.4300 1.0000 1.0000 0.0000
-0.4290 1.0000 1.0000 0.0000
-0.4280 1.0000 1.0000 0.0000
-0.4270 1.0000 1.0000 0.0000
-0.4260 1.0000 1.0000 0.0000
-0.4250 1.0000 1.0000 0.0000
-0.4240 1.0000 1.0000 0.0000
-0.4230 1.0000 1.0000 0.0000
-0.4220 1.0000 1.0000 0.0000
-0.4210 1.0000 1.0000 0.0000
-0.4200 1.0000 1.0000 0.0000
-0.4190 1.0000 1.0000 0.0000
-0.4180 1.0000 1.0000 0.0000
-0.4170 1.0000 1.0000 0.0000
-0.4160 1.0000 1.0000 0.0000
-0.4150 1.0000 1.0000 0.0000
-0.4140 1.0000 1.0000 0.0000
-0.4130 1.0000 1.0000 0.0000
-0.4120 1.0000 1.0000 0.0000
-0.4110 1.0000 1.0000 0.0000
-0.4100 1.0000 1.0000 0.0000
-0.4090 1.0000 1.0000 0.0000
-0.4080 1.0000 1.0000 0.0000
-0.4070 1.0000 1.0000 0.0000
-0.4060 1.0000 1.0000 0.0000
-0.4050 1.0000 1.0000 0.0000
-0.4040 1.0000 1.0000 0.0000
-0.4030 1.0000 1.0000 0.0000
-0.4020 1.0000 1.0000 0.0000
-0.4010 1.0000 1.0000 0.0000
-0.4000 1.0000 1.0000 0.0000
-0.3990 1.0000 1.0000 0.0000
-0.3980 1.0000 1.0000 0.0000
-0.3970 1.0000 1.0000 0.0000
-0.3960 1.0000 1.0000 0.0000
-0.3950 1.0000 1.0000 0.0000
-0.3940 1.0000 1.0000 0.0000
-0.3930 1.0000 1.0000 0.0000
-0.3920 1.0000 1.0000 0.0000
-0.3910 1.0000 1.0000 0.0000
-0.3900 1.0000 1.0000 0.0000
-0.3890 1.0000 1.0000 0.0000
-0.3880 1.0000 1.0000 0.0000
-0.3870 1.0000 1.0000 0.0000
-0.3860 1.0000 1.0000 0.0000
-0.3850 1.0000 1.0000 0.0000
-0.3840 1.0000 1.0000 0.0000
-0.3830 1.0000 1.0000 0.0000
-0.3820 1.0000 1.0000 0.0000
-0.3810 1.0000 1.0000 0.0000
-0.3800 1.0000 1.0000 0.0000
-0.3790 1.0000 1.0000 0.0000
-0.3780 1.0000 1.0000 0.0000
-0.3770 1.0000 1.0000 0.0000
-0.3760 1.0000 1.0000 0.0000
-0.3750 1.0000 1.0000 0.0000
-0.3740 1.0000 1.0000 0.0000
-0.3730 1.0000 1.0000 0.0000
-0.3720 1.0000 1.0000 0.0000
-0.3710 1.0000 1.0000 0.0000
-0.3700 1.0000 1.0000 0.0000
-0.3690 1.0000 1.0000 0.0000
-0.3680 1.0000 1.0000 0.0000
-0.3670 1.0000 1.0000 0.0000
-0.3660 1.0000 1.0000 0.0000
-0.3650 1.0000 1.0000 0.0000
-0.3640 1.0000 1.0000 0.0000
-0.3630 1.0000 1.0000 0.0000
-0.3620 1.0000 1.0000 0.0000
-0.3610 1.0000 1.0000 0.0000
-0.3600 1.0000 1.0000 0.0000
-0.3590 1.0000 1.0000 0.0000
-0.3580 1.0000 1.0000 0.0000
-0.3570 1.0000 1.0000 0.0000
-0.3560 1.0000 1.0000 0.0000
-0.3550 1.0000 1.0000 0.0000
-0.3540 1.0000 1.0000 0.0000
-0.3530 1.0000 1.0000 0.0000
-0.3520 1.0000 1.0000 0.0000
-0.3510 1.0000 1.0000 0.0000
-0.3500 1.0000 1.0000 0.0000
-0.3490 1.0000 1.0000 0.0000
-0.3480 1.0000 1.0000 0.0000
-0.3470 1.0000 1.0000 0.0000
-0.3460 1.0000 1.0000 0.0000
-0.3450 1.0000 1.0000 0.0000
-0.3440 1.0000 1.0000 0.0000
-0.3430 1.0000 1.0000 0.0000
-0.3420 1.0000 1.0000 0.0000
-0.3410 1.0000 1.0000 0.0000
-0.3400 1.0000 1.0000 0.0000
-0.3390 1.0000 1.0000 0.0000
-0.3380 1.0000 1.0000 0.0000
-0.3370 1.0000 1.0000 0.0000
-0.3360 1.0000 1.0000 0.0000
-0.3350 1.0000 1.0000 0.0000
-0.3340 1.0000 1.0000 0.0000
-0.3330 1.0000 1.0000 0.0000
-0.3320 1.0000 1.0000 0.0000
-0.3310 1.0000 1.0000 0.0000
-0.3300 1.0000 1.0000 0.0000
-0.3290 1.0000 1.0000 0.0000
-0.3280 1.0000 1.0000 0.0000
-0.3270 1.0000 1.0000 0.0000
-0.3260 1.0000 1.0000 0.0000
-0.3250 1.0000 1.0000 0.0000
-0.3240 1.0000 1.0000 0.0000
-0.3230 1.0000 1.0000 0.0000
-0.3220 1.0000 1.0000 0.0000
-0.3210 1.0000 1.0000 0.0000
-0.3200 1.0000 1.0000 0.0000
-0.3190 1.0000 1.0000 0.0000
-0.3180 1.0000 1.0000 0.0000
-0.3170 1.0000 1.0000 0.0000
-0.3160 1.0000 1.0000 0.0000
-0.3150 1.0000 1.0000 0.0000
-0.3140 1.0000 1.0000 0.0000
-0.3130 1.0000 1.0000 0.0000
-0.3120 1.0000 1.0000 0.0000
-0.3110 1.0000 1.0000 0.0000
-0.3100 1.0000 1.0000 0.0000
-0.3090 1.0000 1.0000 0.0000
-0.3080 1.0000 1.0000 0.0000
-0.3070 1.0000 1.0000 0.0000
-0.3060 1.0000 1.0000 0.0000
-0.3050 1.0000 1.0000 0.0000
-0.3040 1.0000 1.0000 0.0000
-0.3030 1.0000 1.0000 0.0000
-0.3020 1.0000 1.0000 0.0000
-0.3010 1.0000 1.0000 0.0000
-0.3000 1.0000 1.0000 0.0000
-0.2990 1.0000 1.0000 0.0000
-0.2980 1.0000 1.0000 0.0000
-0.2970 1.0000 1.0000 0.0000
-0.2960 1.0000 1.0000 0.0000
-0.2950 1.0000 1.0000 0.0000
-0.2940 1.0000 1.0000 0.0000
-0.2930 1.0000 1.0000 0.0000
-0.2920 1.0000 1.0000 0.0000
-0.2910 1.0000 1.0000 0.0000
-0.2900 1.0000 1.0000 0.0000
-0.2890 1.0000 1.0000 0.0000
-0.2880 1.0000 1.0000 0.0000
-0.2870 1.0000 1.0000 0.0000
-0.2860 1.0000 1.0000 0.0000
-0.2850 1.0000 1.0000 0.0000
-0.2840 1.0000 1.0000 0.0000
-0.2830 1.0000 1.0000 0.0000
-0.2820 1.0000 1.0000 0.0000
-0.2810 1.0000 1.0000 0.0000
-0.2800 1.0000 1.0000 0.0000
-0.2790 1.0000 1.0000 0.0000
-0.2780 1.0000 1.0000 0.0000
-0.2770 1.0000 1.0000 0.0000
-0.2760 1.0000 1.0000 0.0000
-0.2750 1.0000 1.0000 0.0000
-0.2740 1.0000 1.0000 0.0000
-0.2730 1.0000 1.0000 -0.0000
-0.2720 1.0000 1.0000 -0.0000
-0.2710 1.0000 1.0000 -0.0000
-0.2700 1.0000 1.0000 -0.0000
-0.2690 1.0000 1.0000 -0.0000
-0.2680 1.0000 1.0000 -0.0000
-0.2670 1.0000 1.0000 -0.0000
-0.2660 1.0000 1.0000 -0.0000
-0.2650 1.0000 1.0000 -0.0000
-0.2640 1.0000 1.0000 -0.0000
-0.2630 1.0000 1.0000 -0.0000
-0.2620 1.0000 1.0000 -0.0000
-0.2610 1.0000 1.0000 -0.0000
-0.2600 1.0000 1.0000 -0.0000
-0.2590 1.0000 1.0000 -0.0000
-0.2580 1.0000 1.0000 -0.0000
-0.2570 1.0000 1.0000 -0.0000
-0.2560 1.0000 1.0000 -0.0000
-0.2550 1.0000 1.0000 -0.0000
-0.2540 1.0000 1.0000 -0.0000
-0.2530 1.0000 1.0000 -0.0000
-0.2520 1.0000 1.0000 -0.0000
-0.2510 1.0000 1.0000 -0.0000
-0.2500 1.0000 1.0000 -0.0000
-0.2490 1.0000 1.0000 -0.0000
-0.2480 1.0000 1.0000 -0.0000
-0.2470 1.0000 1.0000 -0.0000
-0.2460 1.0000 1.0000 -0.0000
-0.2450 1.0000 1.0000 -0.0000
-0.2440 1.0000 1.0000 -0.0000
-0.2430 1.0000 1.0000 -0.0000
-0.2420 1.0000 1.0000 -0.0000
-0.2410 1.0000 1.0000 -0.0000
-0.2400 1.0000 1.0000 -0.0000
-0.2390 1.0000 1.0000 -0.0000
-0.2380 1.0000 1.0000 -0.0000
-0.2370 1.0000 1.0000 -0.0000
-0.2360 1.0000 1.0000 -0.0000
-0.2350 1.0000 1.0000 -0.0000
-0.2340 1.0000 1.0000 -0.0000
-0.2330 1.0000 1.0000 -0.0000
-0.2320 1.0000 1.0000 -0.0000
-0.2310 1.0000 1.0000 -0.0000
-0.2300 1.0000 1.0000 -0.0000
-0.2290 1.0000 1.0000 -0.0000
-0.2280 1.0000 1.0000 -0.0000
-0.2270 1.0000 1.0000 -0.0000
-0.2260 1.0000 1.0000 -0.0000
-0.2250 1.0000 1.0000 -0.0000
-0.2240 1.0000 1.0000 -0.0000
-0.2230 1.0000 1.0000 -0.0000
-0.2220 1.0000 1.0000 -0.0000
-0.2210 1.0000 1.0000 -0.0000
-0.2200 1.0000 1.0000 -0.0000
-0.2190 1.0000 1.0000 -0.0000
-0.2180 1.0000 1.0000 -0.0000
-0.2170 1.0000 1.0000 -0.0000
-0.2160 1.0000 1.0000 -0.0000
-0.2150 1.0000 1.0000 -0.0000
-0.2140 1.0000 1.0000 -0.0000
-0.2130 1.0000 1.0000 -0.0000
-0.2120 1.0000 1.0000 -0.0000
-0.2110 1.0000 1.0000 -0.0000
-0.2100 1.0000 1.0000 -0.0000
-0.2090 1.0000 1.0000 -0.0000
-0.2080 1.0000 1.0000 -0.0000
-0.2070 1.0000 1.0000 -0.0000
-0.2060 1.0000 1.0000 -0.0000
-0.2050 1.0000 1.0000 -0.0000
-0.2040 1.0000 1.0000 -0.0000
-0.2030 1.0000 1.0000 -0.0000
-0.2020 1.0000 1.0000 -0.0000
-0.2010 1.0000 1.0000 -0.0000
-0.2000 1.0000 1.0000 -0.0000
-0.1990 1.0000 1.0000 -0.0000
-0.1980 1.0000 1.0000 -0.0000
-0.1970 1.0000 1.0000 -0.0000
-0.1960 1.0000 1.0000 -0.0000
-0.1950 1.0000 1.0000 -0.0000
-0.1940 1.0000 1.0000 -0.0000
-0.1930 1.0000 1.0000 -0.0000
-0.1920 1.0000 1.0000 -0.0000
-0.1910 1.0000 1.0000 -0.0000
-0.1900 1.0000 1.0000 -0.0000
-0.1890 1.0000 1.0000 -0.0000
-0.1880 1.0000 1.0000 -0.0000
-0.1870 1.0000 1.0000 -0.0000
-0.1860 1.0000 1.0000 -0.0000
-0.1850 1.0000 1.0000 -0.0000
-0.1840 1.0000 1.0000 -0.0000
-0.1830 1.0000 1.0000 -0.0000
-0.1820 1.0000 1.0000 -0.0000
-0.1810 1.0000 1.0000 -0.0000
-0.1800 1.0000 1.0000 -0.0000
-0.1790 1.0000 1.0000 -0.0000
-0.1780 1.0000 1.0000 -0.0000
-0.1770 1.0000 1.0000 -0.0000
-0.1760 1.0000 1.0000 -0.0000
-0.1750 1.0000 1.0000 -0.0000
-0.1740 1.0000 1.0000 -0.0000
-0.1730 1.0000 1.0000 -0.0000
-0.1720 1.0000 1.0000 -0.0000
-0.1710 1.0000 1.0000 -0.0000
-0.1700 1.0000 1.0000 -0.0000
-0.1690 1.0000 1.0000 -0.0000
-0.1680 1.0000 1.0000 -0.0000
-0.1670 1.0000 1.0000 -0.0000
-0.1660 1.0000 1.0000 -0.0000
-0.1650 1.0000 1.0000 -0.0000
-0.1640 1.0000 1.0000 -0.0000
-0.1630 1.0000 1.0000 -0.0000
-0.1620 1.0000 1.0000 -0.0000
-0.1610 1.0000 1.0000 -0.0000
-0.1600 1.0000 1.0000 -0.0000
-0.1590 1.0000 1.0000 -0.0000
-0.1580 1.0000 1.0000 -0.0000
-0.1570 1.0000 1.0000 -0.0000
-0.1560 1.0000 1.0000 -0.0000
-0.1550 1.0000 1.0000 -0.0000
-0.1540 1.0000 1.0000 -0.0000
-0.1530 1.0000 1.0000 -0.0000
-0.1520 1.0000 1.0000 -0.0000
-0.1510 1.0000 1.0000 -0.0000
-0.1500 1.0000 1.0000 -0.0000
-0.1490 1.0000 1.0000 -0.0000
-0.1480 1.0000 1.0000 -0.0000
-0.1470 1.0000 1.0000 -0.0000
-0.1460 1.0000 1.0000 -0.0000
-0.1450 1.0000 1.0000 -0.0000
-0.1440 1.0000 1.0000 -0.0000
-0.1430 1.0000 1.0000 -0.0000
-0.1420 1.0000 1.0000 -0.0000
-0.1410 1.0000 1.0000 -0.0000
-0.1400 1.0000 1.0000 -0.0000
-0.1390 1.0000 1.0000 -0.0000
-0.1380 1.0000 1.0000 -0.0000
-0.1370 1.0000 1.0000 -0.0000
-0.1360 1.0000 1.0000 -0.0000
-0.1350 1.0000 1.0000 -0.0000
-0.1340 1.0000 1.0000 -0.0000
-0.1330 1.0000 1.0000 -0.0000
-0.1320 1.0000 1.0000 -0.0000
-0.1310 1.0000 1.0000 -0.0000
-0.1300 1.0000 1.0000 -0.0000
-0.1290 1.0000 1.0000 -0.0000
-0.1280 1.0000 1.0000 -0.0000
-0.1270 1.0000 1.0000 -0.0000
-0.1260 1.0000 1.0000 -0.0000
-0.1250 1.0000 1.0000 -0.0000
-0.1240 1.0000 1.0000 -0.0000
-0.1230 1.0000 1.0000 -0.0000
-0.1220 1.0000 1.0000 -0.0000
-0.1210 1.0000 1.0000 -0.0000
-0.1200 1.0000 1.0000 -0.0000
-0.1190 1.0000 1.0000 -0.0000
-0.1180 1.0000 1.0000 -0.0000
-0.1170 1.0000 1.0000 -0.0000
-0.1160 1.0000 1.0000 -0.0000
-0.1150 1.0000 1.0000 -0.0000
-0.1140 1.0000 1.0000 -0.0000
-0.1130 1.0000 1.0000 -0.0000
-0.1120 1.0000 1.0000 -0.0000
-0.1110 1.0000 1.0000 -0.0000
-0.1100 1.0000 1.0000 -0.0000
-0.1090 1.0000 1.0000 -0.0000
-0.1080 1.0000 1.0000 -0.0000
-0.1070 1.0000 1.0000 -0.0000
-0.1060 1.0000 1.0000 -0.0000
-0.1050 1.0000 1.0000 -0.0000
-0.1040 1.0000 1.0000 -0.0000
-0.1030 1.0000 1.0000 -0.0000
-0.1020 1.0000 1.0000 -0.0000
-0.1010 1.0000 1.0000 -0.0000
-0.1000 1.0000 1.0000 -0.0000
-0.0990 1.0000 1.0000 -0.0000
-0.0980 1.0000 1.0000 -0.0000
-0.0970 1.0000 1.0000 -0.0000
-0.0960 1.0000 1.0000 -0.0000
-0.0950 1.0000 1.0000 -0.0000
-0.0940 1.0000 1.0000 -0.0000
-0.0930 1.0000 1.0000 -0.0000
-0.0920 1.0000 1.0000 -0.0000
-0.0910 1.0000 1.0000 -0.0000
-0.0900 1.0000 1.0000 -0.0000
-0.0890 1.0000 1.0000 -0.0000
-0.0880 1.0000 1.0000 -0.0000
-0.0870 1.0000 1.0000 -0.0000
-0.0860 1.0000 1.0000 -0.0000
-0.0850 1.0000 1.0000 -0.0000
-0.0840 1.0000 1.0000 -0.0000
-0.0830 1.0000 1.0000 -0.0000
-0.0820 1.0000 1.0000 -0.0000
-0.0810 1.0000 1.0000 -0.0000
-0.0800 1.0000 1.0000 -0.0000
-0.0790 1.0000 1.0000 -0.0000
-0.0780 1.0000 1.0000 -0.0000
-0.0770 1.0000 1.0000 -0.0000
-0.0760 1.0000 1.0000 -0.0000
-0.0750 1.0000 1.0000 -0.0000
-0.0740 1.0000 1.0000 -0.0000
-0.0730 1.0000 1.0000 -0.0000
-0.0720 1.0000 1.0000 -0.0000
-0.0710 1.0000 1.0000 -0.0000
-0.0700 1.0000 1.0000 -0.0000
-0.0690 1.0000 1.0000 -0.0000
-0.0680 1.0000 1.0000 -0.0000
-0.0670 1.0000 1.0000 -0.0000
-0.0660 1.0000 1.0000 -0.0000
-0.0650 1.0000 1.0000 -0.0000
-0.0640 1.0000 1.0000 -0.0000
-0.0630 1.0000 1.0000 -0.0000
-0.0620 1.0000 1.0000 -0.0000
-0.0610 1.0000 1.0000 -0.0000
-0.0600 1.0000 1.0000 -0.0000
-0.0590 1.0000 1.0000 -0.0000
-0.0580 1.0000 1.0000 -0.0000
-0.0570 1.0000 1.0000 -0.0000
-0.0560 1.0000 1.0000 -0.0000
-0.0550 1.0000 1.0000 -0.0000
-0.0540 1.0000 1.0000 -0.0000
-0.0530 1.0000 1.0000 -0.0000
-0.0520 1.0000 1.0000 -0.0000
-0.0510 1.0000 1.0000 -0.0000
-0.0500 1.0000 1.0000 -0.0000
-0.0490 1.0000 1.0000 -0.0000
-0.0480 1.0000 1.0000 -0.0000
-0.0470 1.0000 1.0000 -0.0000
-0.0460 1.0000 1.0000 -0.0000
-0.0450 1.0000 1.0000 -0.0000
-0.0440 1.0000 1.0000 -0.0000
-0.0430 1.0000 1.0000 -0.0000
-0.0420 1.0000 1.0000 -0.0000
-0.0410 1.0000 1.0000 -0.0000
-0.0400 1.0000 1.0000 -0.0000
-0.0390 1.0000 1.0000 -0.0000
-0.0380 1.0000 1.0000 -0.0000
-0.0370 1.0000 1.0000 -0.0000
-0.0360 1.0000 1.0000 -0.0000
-0.0350 1.0000 1.0000 -0.0000
-0.0340 1.0000 1.0000 -0.0000
-0.0330 1.0000 1.0000 -0.0000
-0.0320 1.0000 1.0000 -0.0000
-0.0310 1.0000 1.0000 -0.0000
-0.0300 1.0000 1.0000 -0.0000
-0.0290 1.0000 1.0000 -0.0000
-0.0280 1.0000 1.0000 -0.0000
-0.0270 1.0000 1.0000 -0.0000
-0.0260 1.0000 1.0000 -0.0000
-0.0250 1.0000 1.0000 -0.0000
-0.0240 1.0000 1.0000 -0.0000
-0.0230 1.0000 1.0000 -0.0000
-0.0220 1.0000 1.0000 -0.0000
-0.0210 1.0000 1.0000 -0.0000
-0.0200 1.0000 1.0000 -0.0000
-0.0190 1.0000 1.0000 -0.0000
-0.0180 1.0000 1.0000 -0.0000
-0.0170 1.0000 1.0000 -0.0000
-0.0160 1.0000 1.0000 -0.0000
-0.0150 1.0000 1.0000 -0.0000
-0.0140 1.0000 1.0000 -0.0000
-0.0130 1.0000 1.0000 -0.0000
-0.0120 1.0000 1.0000 -0.0000
-0.0110 1.0000 1.0000 -0.0000
-0.0100 1.0000 1.0000 -0.0000
-0.0090 1.0000 1.0000 -0.0000
-0.0080 1.0000 1.0000 -0.0000
-0.0070 1.0000 1.0000 -0.0000
-0.0060 1.0000 1.0000 -0.0000
-0.0050 1.0000 1.0000 -0.0000
-0.0040 1.0000 1.0000 -0.0000
-0.0030 1.0000 1.0000 -0.0000
-0.0020 1.0000 1.0000 -0.0000
-0.0010 1.0000 1.0000 -0.0000
0.0000 1.0000 1.0000 -0.0000
0.0010 1.0000 1.0000 -0.0000
0.0020 1.0000 1.0000 -0.0000
0.0030 1.0000 1.0000 -0.0000
0.0040 1.0000 1.0000 -0.0000
0.0050 1.0000 1.0000 -0.0000
0.0060 1.0000 1.0000 -0.0000
0.0070 1.0000 1.0000 -0.0000
0.0080 1.0000 1.0000 -0.0000
0.0090 1.0000 1.0000 -0.0000
0.0100 1.0000 1.0000 -0.0000
0.0110 1.0000 1.0000 -0.0000
0.0120 1.0000 1.0000 -0.0000
0.0130 1.0000 1.0000 -0.0000
0.0140 1.0000 1.0000 -0.0000
0.0150 1.0000 1.0000 -0.0000
0.0160 1.0000 1.0000 -0.0000
0.0170 1.0000 1.0000 -0.0000
0.0180 1.0000 1.0000 -0.0000
0.0190 1.0000 1.0000 -0.0000
0.0200 1.0000 1.0000 -0.0000
0.0210 1.0000 1.0000 -0.0000
0.0220 1.0000 1.0000 -0.0000
0.0230 1.0000 1.0000 -0.0000
0.0240 1.0000 1.0000 -0.0000
0.0250 1.0000 1.0000 -0.0000
0.0260 1.0000 1.0000 -0.0000
0.0270 1.0000 1.0000 -0.0000
0.0280 1.0000 1.0000 -0.0000
0.0290 1.0000 1.0000 -0.0000
0.0300 1.0000 1.0000 -0.0000
0.0310 1.0000 1.0000 -0.0000
0.0320 1.0000 1.0000 -0.0000
0.0330 1.0000 1.0000 -0.0000
0.0340 1.0000 1.0000 -0.0000
0.0350 1.0000 1.0000 -0.0000
0.0360 1.0000 1.0000 -0.0000
0.0370 1.0000 1.0000 -0.0000
0.0380 1.0000 1.0000 -0.0000
0.0390 1.0000 1.0000 -0.0000
0.0400 1.0000 1.0000 -0.0000
0.0410 1.0000 1.0000 -0.0000
0.0420 1.0000 1.0000 -0.0000
0.0430 1.0000 1.0000 -0.0000
0.0440 1.0000 1.0000 -0.0000
0.0450 1.0000 1.0000 -0.0000
0.0460 1.0000 1.0000 -0.0000
0.0470 1.0000 1.0000 -0.0000
0.0480 1.0000 1.0000 -0.0000
0.0490 1.0000 1.0000 -0.0000
0.0500 1.0000 1.0000 -0.0000
0.0510 1.0000 1.0000 -0.0000
0.0520 1.0000 1.0000 -0.0000
0.0530 1.0000 1.0000 -0.0000
0.0540 1.0000 1.0000 -0.0000
0.0550 1.0000 1.0000 -0.0000
0.0560 1.0000 1.0000 -0.0000
0.0570 1.0000 1.0000 -0.0000
0.0580 1.0000 1.0000 -0.0000
0.0590 1.0000 1.0000 -0.0000
0.0600 1.0000 1.0000 -0.0000
0.0610 1.0000 1.0000 -0.0000
0.0620 1.0000 1.0000 -0.0000
0.0630 1.0000 1.0000 -0.0000
0.0640 1.0000 1.0000 -0.0000
0.0650 1.0000 1.0000 -0.0000
0.0660 1.0000 1.0000 -0.0000
0.0670 1.0000 1.0000 -0.0000
0.0680 1.0000 1.0000 -0.0000
0.0690 1.0000 1.0000 -0.0000
0.0700 1.0000 1.0000 -0.0000
0.0710 1.0000 1.0000 -0.0000
0.0720 1.0000 1.0000 -0.0000
0.0730 1.0000 1.0000 -0.0000
0.0740 1.0000 1.0000 -0.0000
0.0750 1.0000 1.0000 -0.0000
0.0760 1.0000 1.0000 -0.0000
0.0770 1.0000 1.0000 -0.0000
0.0780 1.0000 1.0000 -0.0000
0.0790 1.0000 1.0000 -0.0000
0.0800 1.0000 1.0000 -0.0000
0.0810 1.0000 1.0000 -0.0000
0.0820 1.0000 1.0000 -0.0000
0.0830 1.0000 1.0000 -0.0000
0.0840 1.0000 1.0000 -0.0000
0.0850 1.0000 1.0000 -0.0000
0.0860 1.0000 1.0000 -0.0000
0.0870 1.0000 1.0000 -0.0000
0.0880 1.0000 1.0000 -0.0000
0.0890 1.0000 1.0000 -0.0000
0.0900 1.0000 1.0000 -0.0000
0.0910 1.0000 1.0000 -0.0000
0.0920 1.0000 1.0000 -0.0000
0.0930 1.0000 1.0000 -0.0000
0.0940 1.0000 1.0000 -0.0000
0.0950 1.0000 1.0000 -0.0000
0.0960 1.0000 1.0000 -0.0000
0.0970 1.0000 1.0000 -0.0000
0.0980 1.0000 1.0000 -0.0000
0.0990 1.0000 1.0000 -0.0000
0.1000 1.0000 1.0000 -0.0000
0.1010 1.0000 1.0000 -0.0000
0.1020 1.0000 1.0000 -0.0000
0.1030 1.0000 1.0000 -0.0000
0.1040 1.0000 1.0000 -0.0000
0.1050 1.0000 1.0000 -0.0000
0.1060 1.0000 1.0000 -0.0000
0.1070 1.0000 1.0000 -0.0000
0.1080 1.0000 1.0000 -0.0000
0.1090 1.0000 1.0000 -0.0000
0.1100 1.0000 1.0000 -0.0000
0.1110 1.0000 1.0000 -0.0000
0.1120 1.0000 1.0000 -0.0000
0.1130 1.0000 1.0000 -0.0000
0.1140 1.0000 1.0000 -0.0000
0.1150 1.0000 1.0000 -0.0000
0.1160 1.0000 1.0000 -0.0000
0.1170 1.0000 1.0000 -0.0000
0.1180 1.0000 1.0000 -0.0000
0.1190 1.0000 1.0000 -0.0000
0.1200 1.0000 1.0000 -0.0000
0.1210 1.0000 1.0000 -0.0000
0.1220 1.0000 1.0000 -0.0000
0.1230 1.0000 1.0000 -0.0000
0.1240 1.0000 1.0000 -0.0000
0.1250 1.0000 1.0000 -0.0000
0.1260 1.0000 1.0000 -0.0000
0.1270 1.0000 1.0000 -0.0000
0.1280 1.0000 1.0000 -0.0000
0.1290 1.0000 1.0000 -0.0000
0.1300 1.0000 1.0000 -0.0000
0.1310 1.0000 1.0000 -0.0000
0.1320 1.0000 1.0000 -0.0000
0.1330 1.0000 1.0000 -0.0000
0.1340 1.0000 1.0000 -0.0000
0.1350 1.0000 1.0000 -0.0000
0.1360 1.0000 1.0000 -0.0000
0.1370 1.0000 1.0000 -0.0000
0.1380 1.0000 1.0000 -0.0000
0.1390 1.0000 1.0000 -0.0000
0.1400 1.0000 1.0000 -0.0000
0.1410 1.0000 1.0000 -0.0000
0.1420 1.0000 1.0000 -0.0000
0.1430 1.0000 1.0000 -0.0000
0.1440 1.0000 1.0000 -0.0000
0.1450 1.0000 1.0000 -0.0000
0.1460 1.0000 1.0000 -0.0000
0.1470 1.0000 1.0000 -0.0000
0.1480 1.0000 1.0000 -0.0000
0.1490 1.0000 1.0000 -0.0000
0.1500 1.0000 1.0000 -0.0000
0.1510 1.0000 1.0000 -0.0000
0.1520 1.0000 1.0000 -0.0000
0.1530 1.0000 1.0000 -0.0000
0.1540 1.0000 1.0000 -0.0000
0.1550 1.0000 1.0000 -0.0000
0.1560 1.0000 1.0000 -0.0000
0.1570 1.0000 1.0000 -0.0000
0.1580 0.9999 1.0000 -0.0001
0.1590 0.9999 1.0000 -0.0001
0.1600 0.9999 1.0000 -0.0001
0.1610 0.9999 1.0000 -0.0001
0.1620 0.9999 1.0000 -0.0001
0.1630 0.9999 1.0000 -0.0001
0.1640 0.9999 1.0000 -0.0001
0.1650 0.9999 1.0000 -0.0001
0.1660 0.9999 1.0000 -0.0001
0.1670 0.9999 1.0000 -0.0001
0.1680 0.9998 1.0000 -0.0002
0.1690 0.9998 1.0000 -0.0002
0.1700 0.9998 1.0000 -0.0002
0.1710 0.9998 1.0000 -0.0002
0.1720 0.9998 1.0000 -0.0002
0.1730 0.9997 1.0000 -0.0003
0.1740 0.9997 1.0000 -0.0003
0.1750 0.9997 1.0000 -0.0003
0.1760 0.9996 1.0000 -0.0004
0.1770 0.9996 1.0000 -0.0004
0.1780 0.9996 1.0000 -0.0004
0.1790 0.9995 1.0000 -0.0005
0.1800 0.9995 1.0000 -0.0005
0.1810 0.9994 1.0000 -0.0006
0.1820 0.9994 1.0000 -0.0006
0.1830 0.9993 1.0000 -0.0007
0.1840 0.9992 1.0000 -0.0008
0.1850 0.9992 1.0000 -0.0008
0.1860 0.9991 1.0000 -0.0009
0.1870 0.9990 1.0000 -0.0010
0.1880 0.9989 1.0000 -0.0011
0.1890 0.9988 1.0000 -0.0012
0.1900 0.9987 1.0000 -0.0013
0.1910 0.9986 1.0000 -0.0014
0.1920 0.9985 1.0000 -0.0015
0.1930 0.9984 1.0000 -0.0016
0.1940 0.9982 1.0000 -0.0018
0.1950 0.9981 1.0000 -0.0019
0.1960 0.9979 1.0000 -0.0021
0.1970 0.9977 1.0000 -0.0023
0.1980 0.9975 1.0000 -0.0025
0.1990 0.9974 1.0000 -0.0026
0.2000 0.9971 1.0000 -0.0029
0.2010 0.9969 1.0000 -0.0031
0.2020 0.9967 1.0000 -0.0033
0.2030 0.9964 1.0000 -0.0036
0.2040 0.9961 1.0000 -0.0039
0.2050 0.9959 1.0000 -0.0041
0.2060 0.9955 1.0000 -0.0045
0.2070 0.9952 1.0000 -0.0048
0.2080 0.9949 1.0000 -0.0051
0.2090 0.9945 1.0000 -0.0055
0.2100 0.9941 1.0000 -0.0059
0.2110 0.9937 1.0000 -0.0063
0.2120 0.9933 1.0000 -0.0067
0.2130 0.9928 1.0000 -0.0072
0.2140 0.9923 1.0000 -0.0077
0.2150 0.9918 1.0000 -0.0082
0.2160 0.9913 1.0000 -0.0087
0.2170 0.9907 1.0000 -0.0093
0.2180 0.9901 1.0000 -0.0099
0.2190 0.9895 1.0000 -0.0105
0.2200 0.9888 1.0000 -0.0112
0.2210 0.9881 1.0000 -0.0119
0.2220 0.9874 1.0000 -0.0126
0.2230 0.9866 1.0000 -0.0134
0.2240 0.9859 1.0000 -0.0141
0.2250 0.9850 1.0000 -0.0150
0.2260 0.9842 1.0000 -0.0158
0.2270 0.9832 1.0000 -0.0168
0.2280 0.9823 1.0000 -0.0177
0.2290 0.9813 1.0000 -0.0187
0.2300 0.9803 1.0000 -0.0197
0.2310 0.9792 1.0000 -0.0208
0.2320 0.9781 1.0000 -0.0219
0.2330 0.9770 1.0000 -0.0230
0.2340 0.9758 1.0000 -0.0242
0.2350 0.9745 1.0000 -0.0255
0.2360 0.9732 1.0000 -0.0268
0.2370 0.9719 1.0000 -0.0281
0.2380 0.9705 1.0000 -0.0295
0.2390 0.9691 1.0000 -0.0309
0.2400 0.9676 1.0000 -0.0324
0.2410 0.9661 1.0000 -0.0339
0.2420 0.9645 1.0000 -0.0355
0.2430 0.9629 1.0000 -0.0371
0.2440 0.9612 1.0000 -0.0388
0.2450 0.9595 1.0000 -0.0405
0.2460 0.9577 1.0000 -0.0423
0.2470 0.9559 1.0000 -0.0441
0.2480 0.9540 1.0000 -0.0460
0.2490 0.9521 1.0000 -0.0479
0.2500 0.9501 1.0000 -0.0499
0.2510 0.9480 0.9960 -0.0480
0.2520 0.9460 0.9920 -0.0460
0.2530 0.9438 0.9880 -0.0442
0.2540 0.9416 0.9840 -0.0424
0.2550 0.9394 0.9800 -0.0406
0.2560 0.9371 0.9760 -0.0389
0.2570 0.9348 0.9720 -0.0372
0.2580 0.9324 0.9680 -0.0356
0.2590 0.9300 0.9640 -0.0340
0.2600 0.9275 0.9600 -0.0325
0.2610 0.9250 0.9560 -0.0310
0.2620 0.9224 0.9520 -0.0296
0.2630 0.9198 0.9480 -0.0282
0.2640 0.9171 0.9440 -0.0269
0.2650 0.9144 0.9400 -0.0256
0.2660 0.9116 0.9360 -0.0244
0.2670 0.9088 0.9320 -0.0232
0.2680 0.9059 0.9280 -0.0221
0.2690 0.9030 0.9240 -0.0210
0.2700 0.9001 0.9200 -0.0199
0.2710 0.8971 0.9160 -0.0189
0.2720 0.8941 0.9120 -0.0179
0.2730 0.8910 0.9080 -0.0170
0.2740 0.8879 0.9040 -0.0161
0.2750 0.8848 0.9000 -0.0152
0.2760 0.8816 0.8960 -0.0144
0.2770 0.8784 0.8920 -0.0136
0.2780 0.8752 0.8880 -0.0128
0.2790 0.8719 0.8840 -0.0121
0.2800 0.8686 0.8800 -0.0114
0.2810 0.8652 0.8760 -0.0108
0.2820 0.8619 0.8720 -0.0101
0.2830 0.8584 0.8680 -0.0096
0.2840 0.8550 0.8640 -0.0090
0.2850 0.8515 0.8600 -0.0085
0.2860 0.8481 0.8560 -0.0079
0.2870 0.8445 0.8520 -0.0075
0.2880 0.8410 0.8480 -0.0070
0.2890 0.8374 0.8440 -0.0066
0.2900 0.8338 0.8400 -0.0062
0.2910 0.8302 0.8360 -0.0058
0.2920 0.8266 0.8320 -0.0054
0.2930 0.8230 0.8280 -0.0050
0.2940 0.8193 0.8240 -0.0047
0.2950 0.8156 0.8200 -0.0044
0.2960 0.8119 0.8160 -0.0041
0.2970 0.8082 0.8120 -0.0038
0.2980 0.8044 0.8080 -0.0036
0.2990 0.8006 0.8040 -0.0034
0.3000 0.7969 0.8000 -0.0031
0.3010 0.7931 0.7960 -0.0029
0.3020 0.7893 0.7920 -0.0027
0.3030 0.7855 0.7880 -0.0025
0.3040 0.7816 0.7840 -0.0024
0.3050 0.7778 0.7800 -0.0022
0.3060 0.7740 0.7760 -0.0020
0.3070 0.7701 0.7720 -0.0019
0.3080 0.7662 0.7680 -0.0018
0.3090 0.7624 0.7640 -0.0016
0.3100 0.7585 0.7600 -0.0015
0.3110 0.7546 0.7560 -0.0014
0.3120 0.7507 0.7520 -0.0013
0.3130 0.7468 0.7480 -0.0012
0.3140 0.7429 0.7440 -0.0011
0.3150 0.7389 0.7400 -0.0011
0.3160 0.7350 0.7360 -0.0010
0.3170 0.7311 0.7320 -0.0009
0.3180 0.7271 0.7280 -0.0009
0.3190 0.7232 0.7240 -0.0008
0.3200 0.7192 0.7200 -0.0008
0.3210 0.7153 0.7160 -0.0007
0.3220 0.7113 0.7120 -0.0007
0.3230 0.7074 0.7080 -0.0006
0.3240 0.7034 0.7040 -0.0006
0.3250 0.6995 0.7000 -0.0005
0.3260 0.6955 0.6960 -0.0005
0.3270 0.6915 0.6920 -0.0005
0.3280 0.6875 0.6880 -0.0005
0.3290 0.6836 0.6840 -0.0004
0.3300 0.6796 0.6800 -0.0004
0.3310 0.6756 0.6760 -0.0004
0.3320 0.6716 0.6720 -0.0004
0.3330 0.6676 0.6680 -0.0004
0.3340 0.6637 0.6640 -0.0003
0.3350 0.6597 0.6600 -0.0003
0.3360 0.6557 0.6560 -0.0003
0.3370 0.6517 0.6520 -0.0003
0.3380 0.6477 0.6480 -0.0003
0.3390 0.6437 0.6440 -0.0003
0.3400 0.6397 0.6400 -0.0003
0.3410 0.6357 0.6360 -0.0003
0.3420 0.6317 0.6320 -0.0003
0.3430 0.6277 0.6280 -0.0003
0.3440 0.6238 0.6240 -0.0002
0.3450 0.6198 0.6200 -0.0002
0.3460 0.6158 0.6160 -0.0002
0.3470 0.6118 0.6120 -0.0002
0.3480 0.6078 0.6080 -0.0002
0.3490 0.6038 0.6040 -0.0002
0.3500 0.5998 0.6000 -0.0002
0.3510 0.5958 0.5960 -0.0002
0.3520 0.5918 0.5920 -0.0002
0.3530 0.5878 0.5880 -0.0002
0.3540 0.5838 0.5840 -0.0002
0.3550 0.5798 0.5800 -0.0002
0.3560 0.5758 0.5760 -0.0002
0.3570 0.5718 0.5720 -0.0002
0.3580 0.5678 0.5680 -0.0002
0.3590 0.5638 0.5640 -0.0002
0.3600 0.5598 0.5600 -0.0002
0.3610 0.5558 0.5560 -0.0002
0.3620 0.5518 0.5520 -0.0002
0.3630 0.5478 0.5480 -0.0002
0.3640 0.5438 0.5440 -0.0002
0.3650 0.5398 0.5400 -0.0002
0.3660 0.5358 0.5360 -0.0002
0.3670 0.5318 0.5320 -0.0002
0.3680 0.5278 0.5280 -0.0002
0.3690 0.5238 0.5240 -0.0002
0.3700 0.5198 0.5200 -0.0002
0.3710 0.5158 0.5160 -0.0002
0.3720 0.5118 0.5120 -0.0002
0.3730 0.5078 0.5080 -0.0002
0.3740 0.5038 0.5040 -0.0002
0.3750 0.4998 0.5000 -0.0002
0.3760 0.4958 0.4960 -0.0002
0.3770 0.4918 0.4920 -0.0002
0.3780 0.4878 0.4880 -0.0002
0.3790 0.4838 0.4840 -0.0002
0.3800 0.4798 0.4800 -0.0002
0.3810 0.4758 0.4760 -0.0002
0.3820 0.4718 0.4720 -0.0002
0.3830 0.4678 0.4680 -0.0002
0.3840 0.4638 0.4640 -0.0002
0.3850 0.4598 0.4600 -0.0002
0.3860 0.4558 0.4560 -0.0002
0.3870 0.4518 0.4520 -0.0002
0.3880 0.4478 0.4480 -0.0002
0.3890 0.4438 0.4440 -0.0002
0.3900 0.4398 0.4400 -0.0002
0.3910 0.4358 0.4360 -0.0002
0.3920 0.4318 0.4320 -0.0002
0.3930 0.4278 0.4280 -0.0002
0.3940 0.4238 0.4240 -0.0002
0.3950 0.4198 0.4200 -0.0002
0.3960 0.4158 0.4160 -0.0002
0.3970 0.4118 0.4120 -0.0002
0.3980 0.4078 0.4080 -0.0002
0.3990 0.4038 0.4040 -0.0002
0.4000 0.3998 0.4000 -0.0002
0.4010 0.3958 0.3960 -0.0002
0.4020 0.3918 0.3920 -0.0002
0.4030 0.3878 0.3880 -0.0002
0.4040 0.3838 0.3840 -0.0002
0.4050 0.3798 0.3800 -0.0002
0.4060 0.3758 0.3760 -0.0002
0.4070 0.3718 0.3720 -0.0002
0.4080 0.3679 0.3680 -0.0001
0.4090 0.3639 0.3640 -0.0001
0.4100 0.3599 0.3600 -0.0001
0.4110 0.3559 0.3560 -0.0001
0.4120 0.3519 0.3520 -0.0001
0.4130 0.3479 0.3480 -0.0001
0.4140 0.3439 0.3440 -0.0001
0.4150 0.3399 0.3400 -0.0001
0.4160 0.3359 0.3360 -0.0001
0.4170 0.3319 0.3320 -0.0001
0.4180 0.3280 0.3280 -0.0000
0.4190 0.3240 0.3240 -0.0000
0.4200 0.3200 0.3200 -0.0000
0.4210 0.3160 0.3160 0.0000
0.4220 0.3120 0.3120 0.0000
0.4230 0.3081 0.3080 0.0001
0.4240 0.3041 0.3040 0.0001
0.4250 0.3001 0.3000 0.0001
0.4260 0.2962 0.2960 0.0002
0.4270 0.2922 0.2920 0.0002
0.4280 0.2882 0.2880 0.0002
0.4290 0.2843 0.2840 0.0003
0.4300 0.2803 0.2800 0.0003
0.4310 0.2764 0.2760 0.0004
0.4320 0.2724 0.2720 0.0004
0.4330 0.2685 0.2680 0.0005
0.4340 0.2646 0.2640 0.0006
0.4350 0.2606 0.2600 0.0006
0.4360 0.2567 0.2560 0.0007
0.4370 0.2528 0.2520 0.0008
0.4380 0.2489 0.2480 0.0009
0.4390 0.2450 0.2440 0.0010
0.4400 0.2411 0.2400 0.0011
0.4410 0.2372 0.2360 0.0012
0.4420 0.2333 0.2320 0.0013
0.4430 0.2294 0.2280 0.0014
0.4440 0.2256 0.2240 0.0016
0.4450 0.2217 0.2200 0.0017
0.4460 0.2179 0.2160 0.0019
0.4470 0.2141 0.2120 0.0021
0.4480 0.2103 0.2080 0.0023
0.4490 0.2064 0.2040 0.0024
0.4500 0.2027 0.2000 0.0027
0.4510 0.1989 0.1960 0.0029
0.4520 0.1951 0.1920 0.0031
0.4530 0.1914 0.1880 0.0034
0.4540 0.1877 0.1840 0.0037
0.4550 0.1839 0.1800 0.0039
0.4560 0.1803 0.1760 0.0043
0.4570 0.1766 0.1720 0.0046
0.4580 0.1729 0.1680 0.0049
0.4590 0.1693 0.1640 0.0053
0.4600 0.1657 0.1600 0.0057
0.4610 0.1621 0.1560 0.0061
0.4620 0.1585 0.1520 0.0065
0.4630 0.1550 0.1480 0.0070
0.4640 0.1515 0.1440 0.0075
0.4650 0.1480 0.1400 0.0080
0.4660 0.1445 0.1360 0.0085
0.4670 0.1411 0.1320 0.0091
0.4680 0.1377 0.1280 0.0097
0.4690 0.1343 0.1240 0.0103
0.4700 0.1310 0.1200 0.0110
0.4710 0.1277 0.1160 0.0117
0.4720 0.1244 0.1120 0.0124
0.4730 0.1212 0.1080 0.0132
0.4740 0.1179 0.1040 0.0139
0.4750 0.1148 0.1000 0.0148
0.4760 0.1116 0.0960 0.0156
0.4770 0.1086 0.0920 0.0166
0.4780 0.1055 0.0880 0.0175
0.4790 0.1025 0.0840 0.0185
0.4800 0.0995 0.0800 0.0195
0.4810 0.0966 0.0760 0.0206
0.4820 0.0937 0.0720 0.0217
0.4830 0.0908 0.0680 0.0228
0.4840 0.0880 0.0640 0.0240
0.4850 0.0853 0.0600 0.0253
0.4860 0.0826 0.0560 0.0266
0.4870 0.0799 0.0520 0.0279
0.4880 0.0773 0.0480 0.0293
0.4890 0.0747 0.0440 0.0307
0.4900 0.0722 0.0400 0.0322
0.4910 0.0697 0.0360 0.0337
0.4920 0.0673 0.0320 0.0353
0.4930 0.0649 0.0280 0.0369
0.4940 0.0626 0.0240 0.0386
0.4950 0.0603 0.0200 0.0403
0.4960 0.0581 0.0160 0.0421
0.4970 0.0559 0.0120 0.0439
0.4980 0.0538 0.0080 0.0458
0.4990 0.0517 0.0040 0.0477
0.5000 0.0497 0.0000 0.0497
0.5010 0.0478 0.0000 0.0478
0.5020 0.0458 0.0000 0.0458
0.5030 0.0440 0.0000 0.0440
0.5040 0.0422 0.0000 0.0422
0.5050 0.0404 0.0000 0.0404
0.5060 0.0387 0.0000 0.0387
0.5070 0.0370 0.0000 0.0370
0.5080 0.0354 0.0000 0.0354
0.5090 0.0338 0.0000 0.0338
0.5100 0.0323 0.0000 0.0323
0.5110 0.0308 0.0000 0.0308
0.5120 0.0294 0.0000 0.0294
0.5130 0.0280 0.0000 0.0280
0.5140 0.0267 0.0000 0.0267
0.5150 0.0254 0.0000 0.0254
0.5160 0.0242 0.0000 0.0242
0.5170 0.0230 0.0000 0.0230
0.5180 0.0219 0.0000 0.0219
0.5190 0.0208 0.0000 0.0208
0.5200 0.0197 0.0000 0.0197
0.5210 0.0187 0.0000 0.0187
0.5220 0.0177 0.0000 0.0177
0.5230 0.0168 0.0000 0.0168
0.5240 0.0159 0.0000 0.0159
0.5250 0.0150 0.0000 0.0150
0.5260 0.0142 0.0000 0.0142
0.5270 0.0134 0.0000 0.0134
0.5280 0.0126 0.0000 0.0126
0.5290 0.0119 0.0000 0.0119
0.5300 0.0112 0.0000 0.0112
0.5310 0.0106 0.0000 0.0106
0.5320 0.0099 0.0000 0.0099
0.5330 0.0094 0.0000 0.0094
0.5340 0.0088 0.0000 0.0088
0.5350 0.0083 0.0000 0.0083
0.5360 0.0077 0.0000 0.0077
0.5370 0.0073 0.0000 0.0073
0.5380 0.0068 0.0000 0.0068
0.5390 0.0064 0.0000 0.0064
0.5400 0.0060 0.0000 0.0060
0.5410 0.0056 0.0000 0.0056
0.5420 0.0052 0.0000 0.0052
0.5430 0.0048 0.0000 0.0048
0.5440 0.0045 0.0000 0.0045
0.5450 0.0042 0.0000 0.0042
0.5460 0.0039 0.0000 0.0039
0.5470 0.0036 0.0000 0.0036
0.5480 0.0034 0.0000 0.0034
0.5490 0.0032 0.0000 0.0032
0.5500 0.0029 0.0000 0.0029
0.5510 0.0027 0.0000 0.0027
0.5520 0.0025 0.0000 0.0025
0.5530 0.0023 0.0000 0.0023
0.5540 0.0022 0.0000 0.0022
0.5550 0.0020 0.0000 0.0020
0.5560 0.0018 0.0000 0.0018
0.5570 0.0017 0.0000 0.0017
0.5580 0.0016 0.0000 0.0016
0.5590 0.0014 0.0000 0.0014
0.5600 0.0013 0.0000 0.0013
0.5610 0.0012 0.0000 0.0012
0.5620 0.0011 0.0000 0.0011
0.5630 0.0010 0.0000 0.0010
0.5640 0.0009 0.0000 0.0009
0.5650 0.0009 0.0000 0.0009
0.5660 0.0008 0.0000 0.0008
0.5670 0.0007 0.0000 0.0007
0.5680 0.0007 0.0000 0.0007
0.5690 0.0006 0.0000 0.0006
0.5700 0.0006 0.0000 0.0006
0.5710 0.0005 0.0000 0.0005
0.5720 0.0005 0.0000 0.0005
0.5730 0.0004 0.0000 0.0004
0.5740 0.0004 0.0000 0.0004
0.5750 0.0003 0.0000 0.0003
0.5760 0.0003 0.0000 0.0003
0.5770 0.0003 0.0000 0.0003
0.5780 0.0003 0.0000 0.0003
0.5790 0.0002 0.0000 0.0002
0.5800 0.0002 0.0000 0.0002
0.5810 0.0002 0.0000 0.0002
0.5820 0.0002 0.0000 0.0002
0.5830 0.0002 0.0000 0.0002
0.5840 0.0001 0.0000 0.0001
0.5850 0.0001 0.0000 0.0001
0.5860 0.0001 0.0000 0.0001
0.5870 0.0001 0.0000 0.0001
0.5880 0.0001 0.0000 0.0001
0.5890 0.0001 0.0000 0.0001
0.5900 0.0001 0.0000 0.0001
0.5910 0.0001 0.0000 0.0001
0.5920 0.0001 0.0000 0.0001
0.5930 0.0001 0.0000 0.0001
0.5940 0.0000 0.0000 0.0000
0.5950 0.0000 0.0000 0.0000
0.5960 0.0000 0.0000 0.0000
0.5970 0.0000 0.0000 0.0000
0.5980 0.0000 0.0000 0.0000
0.5990 0.0000 0.0000 0.0000
0.6000 0.0000 0.0000 0.0000
0.6010 0.0000 0.0000 0.0000
0.6020 0.0000 0.0000 0.0000
0.6030 0.0000 0.0000 0.0000
0.6040 0.0000 0.0000 0.0000
0.6050 0.0000 0.0000 0.0000
0.6060 0.0000 0.0000 0.0000
0.6070 0.0000 0.0000 0.0000
0.6080 0.0000 0.0000 0.0000
0.6090 0.0000 0.0000 0.0000
0.6100 0.0000 0.0000 0.0000
0.6110 0.0000 0.0000 0.0000
0.6120 0.0000 0.0000 0.0000
0.6130 0.0000 0.0000 0.0000
0.6140 0.0000 0.0000 0.0000
0.6150 0.0000 0.0000 0.0000
0.6160 0.0000 0.0000 0.0000
0.6170 0.0000 0.0000 0.0000
0.6180 0.0000 0.0000 0.0000
0.6190 0.0000 0.0000 0.0000
0.6200 0.0000 0.0000 0.0000
0.6210 0.0000 0.0000 0.0000
0.6220 0.0000 0.0000 0.0000
0.6230 0.0000 0.0000 0.0000
0.6240 0.0000 0.0000 0.0000
0.6250 0.0000 0.0000 0.0000
0.6260 0.0000 0.0000 0.0000
0.6270 0.0000 0.0000 0.0000
0.6280 0.0000 0.0000 0.0000
0.6290 0.0000 0.0000 0.0000
0.6300 0.0000 0.0000 0.0000
0.6310 0.0000 0.0000 0.0000
0.6320 0.0000 0.0000 0.0000
0.6330 0.0000 0.0000 0.0000
0.6340 0.0000 0.0000 0.0000
0.6350 0.0000 0.0000 0.0000
0.6360 0.0000 0.0000 0.0000
0.6370 0.0000 0.0000 0.0000
0.6380 0.0000 0.0000 0.0000
0.6390 0.0000 0.0000 0.0000
0.6400 0.0000 0.0000 0.0000
0.6410 0.0000 0.0000 0.0000
0.6420 0.0000 0.0000 0.0000
0.6430 0.0000 0.0000 0.0000
0.6440 0.0000 0.0000 0.0000
0.6450 0.0000 0.0000 0.0000
0.6460 0.0000 0.0000 0.0000
0.6470 0.0000 0.0000 0.0000
0.6480 0.0000 0.0000 0.0000
0.6490 0.0000 0.0000 0.0000
0.6500 0.0000 0.0000 0.0000
0.6510 0.0000 0.0000 0.0000
0.6520 0.0000 0.0000 0.0000
0.6530 0.0000 0.0000 0.0000
0.6540 0.0000 0.0000 0.0000
0.6550 0.0000 0.0000 0.0000
0.6560 0.0000 0.0000 0.0000
0.6570 0.0000 0.0000 0.0000
0.6580 0.0000 0.0000 0.0000
0.6590 0.0000 0.0000 0.0000
0.6600 0.0000 0.0000 0.0000
0.6610 0.0000 0.0000 0.0000
0.6620 0.0000 0.0000 0.0000
0.6630 0.0000 0.0000 0.0000
0.6640 0.0000 0.0000 0.0000
0.6650 0.0000 0.0000 0.0000
0.6660 0.0000 0.0000 0.0000
0.6670 0.0000 0.0000 0.0000
0.6680 0.0000 0.0000 0.0000
0.6690 0.0000 0.0000 0.0000
0.6700 0.0000 0.0000 0.0000
0.6710 0.0000 0.0000 0.0000
0.6720 0.0000 0.0000 0.0000
0.6730 0.0000 0.0000 0.0000
0.6740 0.0000 0.0000 0.0000
0.6750 0.0000 0.0000 0.0000
0.6760 0.0000 0.0000 0.0000
0.6770 0.0000 0.0000 0.0000
0.6780 0.0000 0.0000 0.0000
0.6790 0.0000 0.0000 0.0000
0.6800 0.0000 0.0000 0.0000
0.6810 0.0000 0.0000 0.0000
0.6820 0.0000 0.0000 0.0000
0.6830 0.0000 0.0000 0.0000
0.6840 0.0000 0.0000 0.0000
0.6850 0.0000 0.0000 0.0000
0.6860 0.0000 0.0000 0.0000
0.6870 0.0000 0.0000 0.0000
0.6880 0.0000 0.0000 0.0000
0.6890 0.0000 0.0000 0.0000
0.6900 0.0000 0.0000 0.0000
0.6910 0.0000 0.0000 0.0000
0.6920 0.0000 0.0000 0.0000
0.6930 0.0000 0.0000 0.0000
0.6940 0.0000 0.0000 0.0000
0.6950 0.0000 0.0000 0.0000
0.6960 0.0000 0.0000 0.0000
0.6970 0.0000 0.0000 0.0000
0.6980 0.0000 0.0000 0.0000
0.6990 0.0000 0.0000 0.0000
0.7000 0.0000 0.0000 0.0000
0.7010 0.0000 0.0000 0.0000
0.7020 0.0000 0.0000 0.0000
0.7030 0.0000 0.0000 0.0000
0.7040 0.0000 0.0000 0.0000
0.7050 0.0000 0.0000 0.0000
0.7060 0.0000 0.0000 0.0000
0.7070 0.0000 0.0000 0.0000
0.7080 0.0000 0.0000 0.0000
0.7090 0.0000 0.0000 0.0000
0.7100 0.0000 0.0000 0.0000
0.7110 0.0000 0.0000 0.0000
0.7120 0.0000 0.0000 0.0000
0.7130 0.0000 0.0000 0.0000
0.7140 0.0000 0.0000 0.0000
0.7150 0.0000 0.0000 0.0000
0.7160 0.0000 0.0000 0.0000
0.7170 0.0000 0.0000 0.0000
0.7180 0.0000 0.0000 0.0000
0.7190 0.0000 0.0000 0.0000
0.7200 0.0000 0.0000 0.0000
0.7210 0.0000 0.0000 0.0000
0.7220 0.0000 0.0000 0.0000
0.7230 0.0000 0.0000 0.0000
0.7240 0.0000 0.0000 0.0000
0.7250 0.0000 0.0000 0.0000
0.7260 0.0000 0.0000 0.0000
0.7270 0.0000 0.0000 0.0000
0.7280 0.0000 0.0000 0.0000
0.7290 0.0000 0.0000 0.0000
0.7300 0.0000 0.0000 0.0000
0.7310 0.0000 0.0000 0.0000
0.7320 0.0000 0.0000 0.0000
0.7330 0.0000 0.0000 0.0000
0.7340 0.0000 0.0000 0.0000
0.7350 0.0000 0.0000 0.0000
0.7360 0.0000 0.0000 0.0000
0.7370 0.0000 0.0000 0.0000
0.7380 0.0000 0.0000 0.0000
0.7390 0.0000 0.0000 0.0000
0.7400 0.0000 0.0000 0.0000
0.7410 0.0000 0.0000 0.0000
0.7420 0.0000 0.0000 0.0000
0.7430 0.0000 0.0000 0.0000
0.7440 0.0000 0.0000 0.0000
0.7450 0.0000 0.0000 0.0000
0.7460 0.0000 0.0000 0.0000
0.7470 0.0000 0.0000 0.0000
0.7480 0.0000 0.0000 0.0000
0.7490 0.0000 0.0000 0.0000
0.7500 0.0000 0.0000 0.0000
0.7510 0.0000 0.0000 0.0000
0.7520 0.0000 0.0000 0.0000
0.7530 0.0000 0.0000 0.0000
0.7540 0.0000 0.0000 0.0000
0.7550 0.0000 0.0000 0.0000
0.7560 0.0000 0.0000 0.0000
0.7570 0.0000 0.0000 0.0000
0.7580 0.0000 0.0000 0.0000
0.7590 0.0000 0.0000 0.0000
0.7600 0.0000 0.0000 0.0000
0.7610 0.0000 0.0000 0.0000
0.7620 0.0000 0.0000 0.0000
0.7630 0.0000 0.0000 0.0000
0.7640 0.0000 0.0000 0.0000
0.7650 0.0000 0.0000 0.0000
0.7660 0.0000 0.0000 0.0000
0.7670 0.0000 0.0000 0.0000
0.7680 0.0000 0.0000 0.0000
0.7690 0.0000 0.0000 0.0000
0.7700 0.0000 0.0000 0.0000
0.7710 0.0000 0.0000 0.0000
0.7720 0.0000 0.0000 0.0000
0.7730 0.0000 0.0000 0.0000
0.7740 0.0000 0.0000 0.0000
0.7750 0.0000 0.0000 0.0000
0.7760 0.0000 0.0000 0.0000
0.7770 0.0000 0.0000 0.0000
0.7780 0.0000 0.0000 0.0000
0.7790 0.0000 0.0000 0.0000
0.7800 0.0000 0.0000 0.0000
0.7810 0.0000 0.0000 0.0000
0.7820 0.0000 0.0000 0.0000
0.7830 0.0000 0.0000 0.0000
0.7840 0.0000 0.0000 0.0000
0.7850 0.0000 0.0000 0.0000
0.7860 0.0000 0.0000 0.0000
0.7870 0.0000 0.0000 0.0000
0.7880 0.0000 0.0000 0.0000
0.7890 0.0000 0.0000 0.0000
0.7900 0.0000 0.0000 0.0000
0.7910 0.0000 0.0000 0.0000
0.7920 0.0000 0.0000 0.0000
0.7930 0.0000 0.0000 0.0000
0.7940 0.0000 0.0000 0.0000
0.7950 0.0000 0.0000 0.0000
0.7960 0.0000 0.0000 0.0000
0.7970 0.0000 0.0000 0.0000
0.7980 0.0000 0.0000 0.0000
0.7990 0.0000 0.0000 0.0000
0.8000 0.0000 0.0000 0.0000
0.8010 0.0000 0.0000 0.0000
0.8020 0.0000 0.0000 0.0000
0.8030 0.0000 0.0000 0.0000
0.8040 0.0000 0.0000 0.0000
0.8050 0.0000 0.0000 0.0000
0.8060 0.0000 0.0000 0.0000
0.8070 0.0000 0.0000 0.0000
0.8080 0.0000 0.0000 0.0000
0.8090 0.0000 0.0000 0.0000
0.8100 0.0000 0.0000 0.0000
0.8110 0.0000 0.0000 0.0000
0.8120 0.0000 0.0000 0.0000
0.8130 0.0000 0.0000 0.0000
0.8140 0.0000 0.0000 0.0000
0.8150 0.0000 0.0000 0.0000
0.8160 0.0000 0.0000 0.0000
0.8170 0.0000 0.0000 0.0000
0.8180 0.0000 0.0000 0.0000
0.8190 0.0000 0.0000 0.0000
0.8200 0.0000 0.0000 0.0000
0.8210 0.0000 0.0000 0.0000
0.8220 0.0000 0.0000 0.0000
0.8230 0.0000 0.0000 0.0000
0.8240 0.0000 0.0000 0.0000
0.8250 0.0000 0.0000 0.0000
0.8260 0.0000 0.0000 0.0000
0.8270 0.0000 0.0000 0.0000
0.8280 0.0000 0.0000 0.0000
0.8290 0.0000 0.0000 0.0000
0.8300 0.0000 0.0000 0.0000
0.8310 0.0000 0.0000 0.0000
0.8320 0.0000 0.0000 0.0000
0.8330 0.0000 0.0000 0.0000
0.8340 0.0000 0.0000 0.0000
0.8350 0.0000 0.0000 0.0000
0.8360 0.0000 0.0000 0.0000
0.8370 0.0000 0.0000 0.0000
0.8380 0.0000 0.0000 0.0000
0.8390 0.0000 0.0000 0.0000
0.8400 0.0000 0.0000 0.0000
0.8410 0.0000 0.0000 0.0000
0.8420 0.0000 0.0000 0.0000
0.8430 0.0000 0.0000 0.0000
0.8440 0.0000 0.0000 0.0000
0.8450 0.0000 0.0000 0.0000
0.8460 0.0000 0.0000 0.0000
0.8470 0.0000 0.0000 0.0000
0.8480 0.0000 0.0000 0.0000
0.8490 0.0000 0.0000 0.0000
0.8500 0.0000 0.0000 0.0000
0.8510 0.0000 0.0000 0.0000
0.8520 0.0000 0.0000 0.0000
0.8530 0.0000 0.0000 0.0000
0.8540 0.0000 0.0000 0.0000
0.8550 0.0000 0.0000 0.0000
0.8560 0.0000 0.0000 0.0000
0.8570 0.0000 0.0000 0.0000
0.8580 0.0000 0.0000 0.0000
0.8590 0.0000 0.0000 0.0000
0.8600 0.0000 0.0000 0.0000
0.8610 0.0000 0.0000 0.0000
0.8620 0.0000 0.0000 0.0000
0.8630 0.0000 0.0000 0.0000
0.8640 0.0000 0.0000 0.0000
0.8650 0.0000 0.0000 0.0000
0.8660 0.0000 0.0000 0.0000
0.8670 0.0000 0.0000 0.0000
0.8680 0.0000 0.0000 0.0000
0.8690 0.0000 0.0000 0.0000
0.8700 0.0000 0.0000 0.0000
0.8710 0.0000 0.0000 0.0000
0.8720 0.0000 0.0000 0.0000
0.8730 0.0000 0.0000 0.0000
0.8740 0.0000 0.0000 0.0000
0.8750 0.0000 0.0000 0.0000
0.8760 0.0000 0.0000 0.0000
0.8770 0.0000 0.0000 0.0000
0.8780 0.0000 0.0000 0.0000
0.8790 0.0000 0.0000 0.0000
0.8800 0.0000 0.0000 0.0000
0.8810 0.0000 0.0000 0.0000
0.8820 0.0000 0.0000 0.0000
0.8830 0.0000 0.0000 0.0000
0.8840 0.0000 0.0000 0.0000
0.8850 0.0000 0.0000 0.0000
0.8860 0.0000 0.0000 0.0000
0.8870 0.0000 0.0000 0.0000
0.8880 0.0000 0.0000 0.0000
0.8890 0.0000 0.0000 0.0000
0.8900 0.0000 0.0000 0.0000
0.8910 0.0000 0.0000 0.0000
0.8920 0.0000 0.0000 0.0000
0.8930 0.0000 0.0000 0.0000
0.8940 0.0000 0.0000 0.0000
0.8950 0.0000 0.0000 0.0000
0.8960 0.0000 0.0000 0.0000
0.8970 0.0000 0.0000 0.0000
0.8980 0.0000 0.0000 0.0000
0.8990 0.0000 0.0000 0.0000
0.9000 0.0000 0.0000 0.0000
0.9010 0.0000 0.0000 0.0000
0.9020 0.0000 0.0000 0.0000
0.9030 0.0000 0.0000 0.0000
0.9040 0.0000 0.0000 0.0000
0.9050 0.0000 0.0000 0.0000
0.9060 0.0000 0.0000 0.0000
0.9070 0.0000 0.0000 0.0000
0.9080 0.0000 0.0000 0.0000
0.9090 0.0000 0.0000 0.0000
0.9100 0.0000 0.0000 0.0000
0.9110 0.0000 0.0000 0.0000
0.9120 0.0000 0.0000 0.0000
0.9130 0.0000 0.0000 0.0000
0.9140 0.0000 0.0000 0.0000
0.9150 0.0000 0.0000 0.0000
0.9160 0.0000 0.0000 0.0000
0.9170 0.0000 0.0000 0.0000
0.9180 0.0000 0.0000 0.0000
0.9190 0.0000 0.0000 0.0000
0.9200 0.0000 0.0000 0.0000
0.9210 0.0000 0.0000 0.0000
0.9220 0.0000 0.0000 0.0000
0.9230 0.0000 0.0000 0.0000
0.9240 0.0000 0.0000 0.0000
0.9250 0.0000 0.0000 0.0000
0.9260 0.0000 0.0000 0.0000
0.9270 0.0000 0.0000 0.0000
0.9280 0.0000 0.0000 0.0000
0.9290 0.0000 0.0000 0.0000
0.9300 0.0000 0.0000 0.0000
0.9310 0.0000 0.0000 0.0000
0.9320 0.0000 0.0000 0.0000
0.9330 0.0000 0.0000 0.0000
0.9340 0.0000 0.0000 0.0000
0.9350 0.0000 0.0000 0.0000
0.9360 0.0000 0.0000 0.0000
0.9370 0.0000 0.0000 0.0000
0.9380 0.0000 0.0000 0.0000
0.9390 0.0000 0.0000 0.0000
0.9400 0.0000 0.0000 0.0000
0.9410 0.0000 0.0000 0.0000
0.9420 0.0000 0.0000 0.0000
0.9430 0.0000 0.0000 0.0000
0.9440 0.0000 0.0000 0.0000
0.9450 0.0000 0.0000 0.0000
0.9460 0.0000 0.0000 0.0000
0.9470 0.0000 0.0000 0.0000
0.9480 0.0000 0.0000 0.0000
0.9490 0.0000 0.0000 0.0000
0.9500 0.0000 0.0000 0.0000
0.9510 0.0000 0.0000 0.0000
0.9520 0.0000 0.0000 0.0000
0.9530 0.0000 0.0000 0.0000
0.9540 0.0000 0.0000 0.0000
0.9550 0.0000 0.0000 0.0000
0.9560 0.0000 0.0000 0.0000
0.9570 0.0000 0.0000 0.0000
0.9580 0.0000 0.0000 0.0000
0.9590 0.0000 0.0000 0.0000
0.9600 0.0000 0.0000 0.0000
0.9610 0.0000 0.0000 0.0000
0.9620 0.0000 0.0000 0.0000
0.9630 0.0000 0.0000 0.0000
0.9640 0.0000 0.0000 0.0000
0.9650 0.0000 0.0000 0.0000
0.9660 0.0000 0.0000 0.0000
0.9670 0.0000 0.0000 0.0000
0.9680 0.0000 0.0000 0.0000
0.9690 0.0000 0.0000 0.0000
0.9700 0.0000 0.0000 0.0000
0.9710 0.0000 0.0000 0.0000
0.9720 0.0000 0.0000 0.0000
0.9730 0.0000 0.0000 0.0000
0.9740 0.0000 0.0000 0.0000
0.9750 0.0000 0.0000 0.0000
0.9760 0.0000 0.0000 0.0000
0.9770 0.0000 0.0000 0.0000
0.9780 0.0000 0.0000 0.0000
0.9790 0.0000 0.0000 0.0000
0.9800 0.0000 0.0000 0.0000
0.9810 0.0000 0.0000 0.0000
0.9820 0.0000 0.0000 0.0000
0.9830 0.0000 0.0000 0.0000
0.9840 0.0000 0.0000 0.0000
0.9850 0.0000 0.0000 0.0000
0.9860 0.0000 0.0000 0.0000
0.9870 0.0000 0.0000 0.0000
0.9880 0.0000 0.0000 0.0000
0.9890 0.0000 0.0000 0.0000
0.9900 0.0000 0.0000 0.0000
0.9910 0.0000 0.0000 0.0000
0.9920 0.0000 0.0000 0.0000
0.9930 0.0000 0.0000 0.0000
0.9940 0.0000 0.0000 0.0000
0.9950 0.0000 0.0000 0.0000
0.9960 0.0000 0.0000 0.0000
0.9970 0.0000 0.0000 0.0000
0.9980 0.0000 0.0000 0.0000
0.9990 0.0000 0.0000 0.0000
