-1.000000 1.000000 1.000000 0.000000
-0.990000 1.000000 1.000000 0.000000
-0.980000 1.000000 1.000000 0.000000
-0.970000 1.000000 1.000000 0.000000
-0.960000 1.000000 1.000000 0.000000
-0.950000 1.000000 1.000000 0.000000
-0.940000 1.000000 1.000000 0.000000
-0.930000 1.000000 1.000000 0.000000
-0.920000 1.000000 1.000000 0.000000
-0.910000 1.000000 1.000000 0.000000
-0.900000 1.000000 1.000000 0.000000
-0.890000 1.000000 1.000000 0.000000
-0.880000 1.000000 1.000000 0.000000
-0.870000 1.000000 1.000000 0.000000
-0.860000 1.000000 1.000000 0.000000
-0.850000 1.000000 1.000000 0.000000
-0.840000 1.000000 1.000000 0.000000
-0.830000 1.000000 1.000000 0.000000
-0.820000 1.000000 1.000000 0.000000
-0.810000 1.000000 1.000000 0.000000
-0.800000 1.000000 1.000000 0.000000
-0.790000 1.000000 1.000000 0.000000
-0.780000 1.000000 1.000000 0.000000
-0.770000 1.000000 1.000000 0.000000
-0.760000 1.000000 1.000000 0.000000
-0.750000 1.000000 1.000000 0.000000
-0.740000 1.000000 1.000000 0.000000
-0.730000 1.000000 1.000000 0.000000
-0.720000 1.000000 1.000000 0.000000
-0.710000 1.000000 1.000000 0.000000
-0.700000 1.000000 1.000000 0.000000
-0.690000 1.000000 1.000000 0.000000
-0.680000 1.000000 1.000000 0.000000
-0.670000 1.000000 1.000000 0.000000
-0.660000 1.000000 1.000000 0.000000
-0.650000 1.000000 1.000000 0.000000
-0.640000 1.000000 1.000000 0.000000
-0.630000 1.000000 1.000000 0.000000
-0.620000 1.000000 1.000000 0.000000
-0.610000 1.000000 1.000000 0.000000
-0.600000 1.000000 1.000000 0.000000
-0.590000 1.000000 1.000000 -0.000000
-0.580000 1.000000 1.000000 0.000000
-0.570000 1.000000 1.000000 -0.000000
-0.560000 1.000000 1.000000 0.000000
-0.550000 1.000000 1.000000 -0.000000
-0.540000 1.000000 1.000000 0.000000
-0.530000 1.000000 1.000000 -0.000000
-0.520000 1.000000 1.000000 0.000000
-0.510000 1.000000 1.000000 -0.000000
-0.500000 1.000000 1.000000 0.000000
-0.490000 1.000000 1.000000 -0.000000
-0.480000 1.000000 1.000000 0.000000
-0.470000 1.000000 1.000000 -0.000000
-0.460000 1.000000 1.000000 0.000000
-0.450000 1.000000 1.000000 -0.000000
-0.440000 0.999999 1.000000 0.000001
-0.430000 1.000002 1.000000 -0.000002
-0.420000 0.999995 1.000000 0.000005
-0.410000 1.000012 1.000000 -0.000012
-0.400000 0.999973 1.000000 0.000027
-0.390000 1.000056 1.000000 -0.000056
-0.380000 0.999895 1.000000 0.000105
-0.370000 1.000176 1.000000 -0.000176
-0.360000 0.999749 1.000000 0.000251
-0.350000 1.000289 1.000000 -0.000289
-0.340000 0.999773 1.000000 0.000227
-0.330000 1.000032 1.000000 -0.000032
-0.320000 1.000222 1.000000 -0.000222
-0.310000 0.999674 1.000000 0.000326
-0.300000 1.000092 1.000000 -0.000092
-0.290000 1.000325 1.000000 -0.000325
-0.280000 0.999627 1.000000 0.000373
-0.270000 0.999793 1.000000 0.000207
-0.260000 1.000594 1.000000 -0.000594
-0.250000 1.000147 1.000000 -0.000147
-0.240000 0.999138 1.000000 0.000862
-0.230000 0.999655 1.000000 0.000345
-0.220000 1.001201 1.000000 -0.001201
-0.210000 1.001206 1.000000 -0.001206
-0.200000 0.998923 1.000000 0.001077
-0.190000 0.996835 1.000000 0.003165
-0.180000 0.998147 1.000000 0.001853
-0.170000 1.003569 1.000000 -0.003569
-0.160000 1.009928 1.000000 -0.009928
-0.150000 1.010495 1.000000 -0.010495
-0.140000 0.996918 1.000000 0.003082
-0.130000 0.963734 1.000000 0.036266
-0.120000 0.912270 0.960000 0.047730
-0.110000 0.848418 0.880000 0.031582
-0.100000 0.777868 0.800000 0.022132
-0.090000 0.704100 0.720000 0.015900
-0.080000 0.628737 0.640000 0.011263
-0.070000 0.552398 0.560000 0.007602
-0.060000 0.475282 0.480000 0.004718
-0.050000 0.397458 0.400000 0.002542
-0.040000 0.318971 0.320000 0.001029
-0.030000 0.239878 0.240000 0.000122
-0.020000 0.160277 0.160000 -0.000277
-0.010000 0.080209 0.080000 -0.000209
0.000000 0.010064 0.000000 -0.010064
0.010000 0.000072 0.000000 -0.000072
0.020000 -0.000000 0.000000 0.000000
0.030000 -0.000000 0.000000 0.000000
0.040000 0.000000 0.000000 -0.000000
0.050000 -0.000000 0.000000 0.000000
0.060000 -0.000000 0.000000 0.000000
0.070000 0.000000 0.000000 -0.000000
0.080000 -0.000000 0.000000 0.000000
0.090000 -0.000000 0.000000 0.000000
0.100000 0.000000 0.000000 0.000000
0.110000 0.000000 0.000000 0.000000
0.120000 0.000000 0.000000 0.000000
0.130000 0.000000 0.000000 0.000000
0.140000 0.000000 0.000000 0.000000
0.150000 0.000000 0.000000 0.000000
0.160000 0.000000 0.000000 0.000000
0.170000 0.000000 0.000000 0.000000
0.180000 0.000000 0.000000 0.000000
0.190000 0.000000 0.000000 0.000000
0.200000 0.000000 0.000000 0.000000
0.210000 0.000000 0.000000 0.000000
0.220000 0.000000 0.000000 0.000000
0.230000 0.000000 0.000000 0.000000
0.240000 0.000000 0.000000 0.000000
0.250000 0.000000 0.000000 0.000000
0.260000 0.000000 0.000000 0.000000
0.270000 0.000000 0.000000 0.000000
0.280000 0.000000 0.000000 0.000000
0.290000 0.000000 0.000000 0.000000
0.300000 0.000000 0.000000 0.000000
0.310000 0.000000 0.000000 0.000000
0.320000 0.000000 0.000000 0.000000
0.330000 0.000000 0.000000 0.000000
0.340000 0.000000 0.000000 0.000000
0.350000 0.000000 0.000000 0.000000
0.360000 0.000000 0.000000 0.000000
0.370000 0.000000 0.000000 0.000000
0.380000 0.000000 0.000000 0.000000
0.390000 0.000000 0.000000 0.000000
0.400000 0.000000 0.000000 0.000000
0.410000 0.000000 0.000000 0.000000
0.420000 0.000000 0.000000 0.000000
0.430000 0.000000 0.000000 0.000000
0.440000 0.000000 0.000000 0.000000
0.450000 0.000000 0.000000 0.000000
0.460000 0.000000 0.000000 0.000000
0.470000 0.000000 0.000000 0.000000
0.480000 0.000000 0.000000 0.000000
0.490000 0.000000 0.000000 0.000000
0.500000 0.000000 0.000000 0.000000
0.510000 0.000000 0.000000 0.000000
0.520000 0.000000 0.000000 0.000000
0.530000 0.000000 0.000000 0.000000
0.540000 0.000000 0.000000 0.000000
0.550000 0.000000 0.000000 0.000000
0.560000 0.000000 0.000000 0.000000
0.570000 0.000000 0.000000 0.000000
0.580000 0.000000 0.000000 0.000000
0.590000 0.000000 0.000000 0.000000
0.600000 0.000000 0.000000 0.000000
0.610000 0.000000 0.000000 0.000000
0.620000 0.000000 0.000000 0.000000
0.630000 0.000000 0.000000 0.000000
0.640000 0.000000 0.000000 0.000000
0.650000 0.000000 0.000000 0.000000
0.660000 0.000000 0.000000 0.000000
0.670000 0.000000 0.000000 0.000000
0.680000 0.000000 0.000000 0.000000
0.690000 0.000000 0.000000 0.000000
0.700000 0.000000 0.000000 0.000000
0.710000 0.000000 0.000000 0.000000
0.720000 0.000000 0.000000 0.000000
0.730000 0.000000 0.000000 0.000000
0.740000 0.000000 0.000000 0.000000
0.750000 0.000000 0.000000 0.000000
0.760000 0.000000 0.000000 0.000000
0.770000 0.000000 0.000000 0.000000
0.780000 0.000000 0.000000 0.000000
0.790000 0.000000 0.000000 0.000000
0.800000 0.000000 0.000000 0.000000
0.810000 0.000000 0.000000 0.000000
0.820000 0.000000 0.000000 0.000000
0.830000 0.000000 0.000000 0.000000
0.840000 0.000000 0.000000 0.000000
0.850000 0.000000 0.000000 0.000000
0.860000 0.000000 0.000000 0.000000
0.870000 0.000000 0.000000 0.000000
0.880000 0.000000 0.000000 0.000000
0.890000 0.000000 0.000000 0.000000
0.900000 0.000000 0.000000 0.000000
0.910000 0.000000 0.000000 0.000000
0.920000 0.000000 0.000000 0.000000
0.930000 0.000000 0.000000 0.000000
0.940000 0.000000 0.000000 0.000000
0.950000 0.000000 0.000000 0.000000
0.960000 0.000000 0.000000 0.000000
0.970000 0.000000 0.000000 0.000000
0.980000 0.000000 0.000000 0.000000
0.990000 0.000000 0.000000 0.000000
