-0.9900 1.0000 1.0000 0.0000
-0.9800 1.0000 1.0000 -0.0000
-0.9700 1.0000 1.0000 0.0000
-0.9600 1.0000 1.0000 -0.0000
-0.9500 1.0000 1.0000 0.0000
-0.9400 1.0000 1.0000 -0.0000
-0.9300 1.0000 1.0000 0.0000
-0.9200 1.0000 1.0000 -0.0000
-0.9100 1.0000 1.0000 0.0000
-0.9000 1.0000 1.0000 -0.0000
-0.8900 1.0000 1.0000 0.0000
-0.8800 1.0000 1.0000 -0.0000
-0.8700 1.0000 1.0000 0.0000
-0.8600 1.0000 1.0000 -0.0000
-0.8500 1.0000 1.0000 0.0000
-0.8400 1.0000 1.0000 -0.0000
-0.8300 1.0000 1.0000 0.0000
-0.8200 1.0000 1.0000 -0.0000
-0.8100 1.0000 1.0000 0.0000
-0.8000 1.0000 1.0000 -0.0000
-0.7900 1.0000 1.0000 0.0000
-0.7800 1.0000 1.0000 -0.0000
-0.7700 1.0000 1.0000 0.0000
-0.7600 1.0000 1.0000 -0.0000
-0.7500 1.0000 1.0000 0.0000
-0.7400 1.0000 1.0000 -0.0000
-0.7300 1.0000 1.0000 0.0000
-0.7200 1.0000 1.0000 -0.0000
-0.7100 1.0000 1.0000 0.0000
-0.7000 1.0000 1.0000 -0.0000
-0.6900 1.0000 1.0000 0.0000
-0.6800 1.0000 1.0000 -0.0000
-0.6700 1.0000 1.0000 -0.0000
-0.6600 1.0000 1.0000 0.0000
-0.6500 1.0000 1.0000 -0.0000
-0.6400 1.0000 1.0000 0.0000
-0.6300 1.0000 1.0000 -0.0000
-0.6200 1.0000 1.0000 -0.0000
-0.6100 1.0000 1.0000 0.0000
-0.6000 1.0000 1.0000 -0.0000
-0.5900 1.0000 1.0000 0.0000
-0.5800 1.0000 1.0000 0.0000
-0.5700 1.0000 1.0000 -0.0000
-0.5600 1.0000 1.0000 0.0000
-0.5500 1.0000 1.0000 0.0000
-0.5400 1.0000 1.0000 -0.0000
-0.5300 1.0000 1.0000 0.0000
-0.5200 1.0000 1.0000 -0.0000
-0.5100 1.0000 1.0000 -0.0000
-0.5000 1.0000 1.0000 0.0000
-0.4900 1.0000 1.0000 0.0000
-0.4800 1.0000 1.0000 -0.0000
-0.4700 1.0000 1.0000 0.0000
-0.4600 1.0000 1.0000 -0.0000
-0.4500 1.0000 1.0000 -0.0000
-0.4400 1.0000 1.0000 0.0000
-0.4300 1.0000 1.0000 0.0000
-0.4200 1.0000 1.0000 -0.0000
-0.4100 1.0000 1.0000 -0.0000
-0.4000 1.0000 1.0000 0.0000
-0.3900 1.0000 1.0000 -0.0000
-0.3800 1.0000 1.0000 -0.0000
-0.3700 1.0000 1.0000 0.0000
-0.3600 1.0000 1.0000 -0.0000
-0.3500 1.0000 1.0000 -0.0000
-0.3400 1.0000 1.0000 0.0000
-0.3300 1.0000 1.0000 0.0000
-0.3200 1.0000 1.0000 -0.0000
-0.3100 1.0000 1.0000 -0.0000
-0.3000 1.0000 1.0000 0.0000
-0.2900 1.0000 1.0000 0.0000
-0.2800 0.9999 1.0000 -0.0001
-0.2700 1.0000 1.0000 -0.0000
-0.2600 1.0001 1.0000 0.0001
-0.2500 1.0000 1.0000 -0.0000
-0.2400 0.9999 1.0000 -0.0001
-0.2300 1.0000 1.0000 0.0000
-0.2200 1.0001 1.0000 0.0001
-0.2100 1.0000 1.0000 0.0000
-0.2000 0.9999 1.0000 -0.0001
-0.1900 0.9999 1.0000 -0.0001
-0.1800 1.0001 1.0000 0.0001
-0.1700 1.0001 1.0000 0.0001
-0.1600 0.9999 1.0000 -0.0001
-0.1500 0.9999 1.0000 -0.0001
-0.1400 1.0001 1.0000 0.0001
-0.1300 1.0001 1.0000 0.0001
-0.1200 1.0000 1.0000 0.0000
-0.1100 0.9999 1.0000 -0.0001
-0.1000 0.9999 1.0000 -0.0001
-0.0900 1.0001 1.0000 0.0001
-0.0800 1.0002 1.0000 0.0002
-0.0700 1.0001 1.0000 0.0001
-0.0600 0.9998 1.0000 -0.0002
-0.0500 0.9997 1.0000 -0.0003
-0.0400 1.0000 1.0000 0.0000
-0.0300 1.0004 1.0000 0.0004
-0.0200 1.0003 1.0000 0.0003
-0.0100 0.9998 1.0000 -0.0002
0.0000 0.9995 1.0000 -0.0005
0.0100 0.9997 1.0000 -0.0003
0.0200 1.0002 1.0000 0.0002
0.0300 1.0007 1.0000 0.0007
0.0400 1.0007 1.0000 0.0007
0.0500 1.0000 1.0000 -0.0000
0.0600 0.9990 1.0000 -0.0010
0.0700 0.9986 1.0000 -0.0014
0.0800 0.9994 1.0000 -0.0006
0.0900 1.0010 1.0000 0.0010
0.1000 1.0022 1.0000 0.0022
0.1100 1.0021 1.0000 0.0021
0.1200 1.0005 1.0000 0.0005
0.1300 0.9982 1.0000 -0.0018
0.1400 0.9962 1.0000 -0.0038
0.1500 0.9954 1.0000 -0.0046
0.1600 0.9967 1.0000 -0.0033
0.1700 1.0004 1.0000 0.0004
0.1800 1.0058 1.0000 0.0058
0.1900 1.0111 1.0000 0.0111
0.2000 1.0141 1.0000 0.0141
0.2100 1.0131 1.0000 0.0131
0.2200 1.0071 1.0000 0.0071
0.2300 0.9959 1.0000 -0.0041
0.2400 0.9794 1.0000 -0.0206
0.2500 0.9576 1.0000 -0.0424
0.2600 0.9306 0.9600 -0.0294
0.2700 0.8995 0.9200 -0.0205
0.2800 0.8655 0.8800 -0.0145
0.2900 0.8300 0.8400 -0.0100
0.3000 0.7937 0.8000 -0.0063
0.3100 0.7564 0.7600 -0.0036
0.3200 0.7178 0.7200 -0.0022
0.3300 0.6777 0.6800 -0.0023
0.3400 0.6366 0.6400 -0.0034
0.3500 0.5957 0.6000 -0.0043
0.3600 0.5557 0.5600 -0.0043
0.3700 0.5173 0.5200 -0.0027
0.3800 0.4797 0.4800 -0.0003
0.3900 0.4420 0.4400 0.0020
0.4000 0.4027 0.4000 0.0027
0.4100 0.3612 0.3600 0.0012
0.4200 0.3174 0.3200 -0.0026
0.4300 0.2721 0.2800 -0.0079
0.4400 0.2271 0.2400 -0.0129
0.4500 0.1841 0.2000 -0.0159
0.4600 0.1449 0.1600 -0.0151
0.4700 0.1105 0.1200 -0.0095
0.4800 0.0818 0.0800 0.0018
0.4900 0.0588 0.0400 0.0188
0.5000 0.0410 0.0000 0.0410
0.5100 0.0277 0.0000 0.0277
0.5200 0.0183 0.0000 0.0183
0.5300 0.0117 0.0000 0.0117
0.5400 0.0073 0.0000 0.0073
0.5500 0.0044 0.0000 0.0044
0.5600 0.0026 0.0000 0.0026
0.5700 0.0015 0.0000 0.0015
0.5800 0.0009 0.0000 0.0009
0.5900 0.0005 0.0000 0.0005
0.6000 0.0003 0.0000 0.0003
0.6100 0.0001 0.0000 0.0001
0.6200 0.0001 0.0000 0.0001
0.6300 0.0000 0.0000 0.0000
0.6400 0.0000 0.0000 0.0000
0.6500 0.0000 0.0000 0.0000
0.6600 0.0000 0.0000 0.0000
0.6700 0.0000 0.0000 0.0000
0.6800 0.0000 0.0000 0.0000
0.6900 0.0000 0.0000 0.0000
0.7000 0.0000 0.0000 0.0000
0.7100 0.0000 0.0000 0.0000
0.7200 0.0000 0.0000 0.0000
0.7300 0.0000 0.0000 0.0000
0.7400 0.0000 0.0000 0.0000
0.7500 0.0000 0.0000 0.0000
0.7600 0.0000 0.0000 0.0000
0.7700 0.0000 0.0000 0.0000
0.7800 0.0000 0.0000 0.0000
0.7900 0.0000 0.0000 0.0000
0.8000 0.0000 0.0000 0.0000
0.8100 0.0000 0.0000 0.0000
0.8200 0.0000 0.0000 0.0000
0.8300 0.0000 0.0000 0.0000
0.8400 0.0000 0.0000 0.0000
0.8500 0.0000 0.0000 0.0000
0.8600 0.0000 0.0000 0.0000
0.8700 0.0000 0.0000 0.0000
0.8800 0.0000 0.0000 0.0000
0.8900 0.0000 0.0000 0.0000
0.9000 0.0000 0.0000 0.0000
0.9100 0.0000 0.0000 0.0000
0.9200 0.0000 0.0000 0.0000
0.9300 0.0000 0.0000 0.0000
0.9400 0.0000 0.0000 0.0000
0.9500 0.0000 0.0000 0.0000
0.9600 0.0000 0.0000 0.0000
0.9700 0.0000 0.0000 0.0000
0.9800 0.0000 0.0000 0.0000
0.9900 0.0000 0.0000 0.0000
